BMEestMidCedarDay519MeanArcASCII.asc
ncols	153
nrows	79
xllcorner	-93.0837621
yllcorner	41.8867038
cellsize	0.0094877
NODATA_value	-9999.0000000
[rows 0 to 24 of 79, columns 57 to 113 of 153]
-1.0610530 -1.0581677 -1.0581677 -1.0581677 -1.0581677 -1.0581677 -1.0581677 -1.0581677 -1.0581677 -1.0581677 -1.0581677 -1.0581677 -1.0581677 -1.0581677 -1.0581677 -1.0581677 -1.1256631 -1.2811902 -1.2982950 -1.2982950 -1.2982950 -1.2982950 -1.3129800 -1.3698659 -1.7175424 -2.1025953 -2.1025953 -2.1025953 -2.1025953 -2.1025953 -2.1025953 -2.1025953 -2.1025953 -2.1025953 -2.1025953 -2.1025953 -2.1025953 -2.1025953 -2.1025953 -2.1025953 -2.1025953 -2.1025953 -2.1025953 -2.1025953 -2.1025953 -2.1025953 -2.1025953 -2.1025953 -2.1025953 -2.1025953 -2.1455773 -2.2376362 -2.2447297 -2.2447303 -2.2447303 -2.2447303 -2.2447303
-1.1029602 -1.0734661 -1.0581677 -1.0581677 -1.0581677 -1.0581677 -1.0581677 -1.0581677 -1.0581677 -1.0581677 -1.0581677 -1.0581677 -1.0581677 -1.0581677 -1.0581677 -1.2102634 -1.2982940 -1.2982940 -1.2982950 -1.2982950 -1.2982950 -1.2982950 -1.3129800 -1.3698659 -1.7175424 -2.1025953 -2.1025953 -2.1025953 -2.1025953 -2.1025953 -2.1025953 -2.1025953 -2.1025953 -2.1025953 -2.1025953 -2.1025953 -2.1025953 -2.1025953 -2.1025953 -2.1025953 -2.1025953 -2.1025953 -2.1025953 -2.1025953 -2.1025953 -2.1025953 -2.1025953 -2.1025953 -2.1025953 -2.1025953 -2.1455779 -2.2376368 -2.2447303 -2.2447303 -2.2447303 -2.2447303 -2.2447303
-1.1029607 -1.0734662 -1.0581677 -1.0581677 -1.0581677 -1.0581677 -1.0581677 -1.0581677 -1.0581677 -1.0581677 -1.0581677 -1.0581677 -1.0581677 -1.1393354 -1.2948626 -1.2982950 -1.2982950 -1.2982950 -1.2982950 -1.2982950 -1.2982950 -1.3439232 -1.3861242 -1.3861242 -1.7175424 -2.1025953 -2.1025953 -2.1025953 -2.1025953 -2.1025953 -2.1025953 -2.1025953 -2.1025953 -2.1025953 -2.1025953 -2.1025953 -2.1025953 -2.1025953 -2.1025953 -2.1025953 -2.1025953 -2.1025953 -2.1025953 -2.1025953 -2.1025953 -2.1025953 -2.1025953 -2.1025953 -2.1025953 -2.1025953 -2.1455779 -2.2376368 -2.2447303 -2.2447303 -2.2447303 -2.2447303 -2.2447303
-1.1029607 -1.0934007 -1.0205798 -0.7996423 -0.7522839 -0.7522839 -0.7522839 -0.7522839 -0.7522839 -0.7522839 -0.7522839 -0.7615764 -0.9027028 -1.0810878 -1.2936062 -1.2982950 -1.2982950 -1.2982950 -1.2982950 -1.2982950 -1.2982950 -1.3439235 -1.3861245 -1.3861245 -1.7175424 -2.1025953 -2.1025953 -2.1025953 -2.1025953 -2.1025953 -2.1025953 -2.1025953 -2.1025953 -2.1025953 -2.1025953 -2.1025953 -2.1025953 -2.1025953 -2.1025953 -2.1025953 -2.1025953 -2.1025953 -2.1025953 -2.1025953 -2.1025953 -2.1025953 -2.1025953 -2.1025953 -2.1025953 -2.1025953 -2.1455779 -2.2376368 -2.2447303 -2.2447303 -2.2447303 -2.2447303 -2.2447303
-1.1029607 -1.0934009 -1.0205799 -0.7996424 -0.7522826 -0.7522826 -0.7522826 -0.7522826 -0.7522826 -0.7522826 -0.8383420 -0.9701749 -0.9701749 -1.0810878 -1.2936062 -1.2982950 -1.2982950 -1.2982950 -1.2982950 -1.2982950 -1.2982950 -1.3439235 -1.3861245 -1.3861245 -1.7175424 -2.1025953 -2.1025953 -2.1025953 -2.1025953 -2.1025953 -2.1025953 -2.1025953 -2.1025953 -2.1025953 -2.1025953 -2.1025953 -2.1025953 -2.1025953 -2.1025953 -2.1025953 -2.1025953 -2.1025953 -2.1025953 -2.1025953 -2.1025953 -2.1025953 -2.1025953 -2.1025953 -2.1035947 -2.1956535 -2.2447303 -2.2447303 -2.2447303 -2.2447303 -2.2447303 -2.2447303 -2.2447303
-1.1029607 -1.0934009 -1.0934009 -1.0934009 -0.9198217 -0.7522826 -0.7522826 -0.8690385 -1.0066159 -0.9804029 -0.9701758 -0.9713568 -0.9892933 -1.0994200 -1.2940019 -1.2982950 -1.2982950 -1.2982950 -1.2982950 -1.2982950 -1.2982950 -1.3439235 -1.3861245 -1.3861245 -1.3861276 -1.4651198 -1.9291681 -2.1025953 -2.1025953 -2.1025953 -2.1025953 -2.1025953 -2.1025953 -2.1025953 -2.1025953 -2.1025953 -2.1025953 -2.1025953 -2.1025953 -2.1025953 -2.1025953 -2.1025953 -2.1025953 -2.1025953 -2.1025953 -2.1025953 -2.1025953 -2.1025953 -2.1035953 -2.1956541 -2.2447303 -2.2447303 -2.2447303 -2.2447303 -2.2447303 -2.2447303 -2.2447303
-1.1029607 -1.0934009 -1.0934009 -1.0934009 -1.0512919 -1.0106464 -1.0106464 -0.9923569 -0.9701760 -0.9701760 -0.9701758 -0.9713570 -0.9892934 -1.0994200 -1.2940019 -1.2982950 -1.2982950 -1.2982950 -1.2982950 -1.3179811 -1.3748671 -1.3861242 -1.3861245 -1.3861245 -1.3861245 -1.4651198 -1.9291681 -2.1025953 -2.1025953 -2.1025953 -2.1025953 -2.1025953 -2.1025953 -2.1025953 -2.1025953 -2.1025953 -2.1025953 -2.1025953 -2.1025953 -2.1025953 -2.1025953 -2.1025953 -2.1025953 -2.1025953 -2.1025953 -2.1025953 -2.1025953 -2.1025953 -2.1035953 -2.1956541 -2.2447303 -2.2447303 -2.2447303 -2.2447303 -2.2447303 -2.2447303 -2.2447303
-1.1029607 -1.0934009 -1.0934009 -1.0934009 -1.0512919 -1.0106475 -1.0106475 -0.9923580 -0.9701758 -0.9701758 -0.9811136 -0.9978689 -0.9978689 -1.0994200 -1.2940019 -1.2982950 -1.2982950 -1.2982950 -1.2982950 -1.3179811 -1.3748671 -1.3861245 -1.3861245 -1.3861245 -1.3861245 -1.4651198 -1.9291681 -2.1025953 -2.1025953 -2.1025953 -2.1025953 -2.1025953 -2.1025953 -2.1025953 -2.1025953 -2.1025953 -2.1025953 -2.1025953 -2.1025953 -2.1025953 -2.1025953 -2.1025953 -2.1025953 -2.1025953 -2.1025953 -2.1025953 -2.1025953 -2.1025953 -2.1035953 -2.1956541 -2.2447303 -2.2447303 -2.2447303 -2.2447303 -2.2447303 -2.2447303 -2.2447303
-1.1029607 -1.0934009 -1.0757353 -1.0221371 -1.0106478 -1.0106475 -1.0106475 -0.9923580 -0.9701758 -0.9701758 -0.9811136 -0.9978689 -0.9978689 -1.0994200 -1.2940019 -1.2982950 -1.2982950 -1.2982950 -1.2982950 -1.3179811 -1.3748671 -1.3861245 -1.3861245 -1.3861245 -1.5126487 -1.7084851 -1.9953756 -2.1025953 -2.1025953 -2.1025953 -2.1025953 -2.1025953 -2.1025953 -2.1025953 -2.1025953 -2.1025953 -2.1025953 -2.1025953 -2.1025953 -2.1025953 -2.1025953 -2.1025953 -2.1025953 -2.1025953 -2.1025953 -2.1025953 -2.1025953 -2.1025953 -2.1035953 -2.1956541 -2.2447303 -2.2447303 -2.2447303 -2.2447303 -2.2447303 -2.2447303 -2.2447303
-1.1029607 -1.0934009 -1.0757349 -1.0221367 -1.0106475 -1.0043124 -0.9780995 -0.9701760 -0.9701758 -0.9701758 -0.9811136 -0.9978689 -0.9978689 -1.0994200 -1.2940019 -1.2982950 -1.2982950 -1.2982950 -1.2982950 -1.3179811 -1.3748671 -1.3861245 -1.3861245 -1.3861245 -1.5126487 -1.7084863 -1.9953767 -2.1025953 -2.1025953 -2.1025953 -2.1025953 -2.1025953 -2.1025953 -2.1025953 -2.1025953 -2.1025953 -2.1025953 -2.1025953 -2.1025953 -2.1025953 -2.1025953 -2.1025953 -2.1025953 -2.1025953 -2.1025953 -2.1025953 -2.1025953 -2.1536714 -2.2447297 -2.2447297 -2.2447303 -2.2447303 -2.2447303 -2.2447303 -2.2447303 -2.2447303 -2.2447303
-1.1029607 -1.0934009 -1.0757349 -1.0221367 -1.0106475 -1.0043123 -0.9780993 -0.9701758 -0.9729339 -0.9908703 -0.9978688 -0.9978689 -0.9978689 -1.0994200 -1.2940019 -1.2982950 -1.2982950 -1.2982950 -1.3489247 -1.3861242 -1.3861242 -1.3861245 -1.3861245 -1.3861245 -1.5126487 -1.7084863 -1.9953767 -2.1025953 -2.1025953 -2.1025953 -2.1025953 -2.1025953 -2.1025953 -2.1025953 -2.1025953 -2.1025953 -2.1025953 -2.1025953 -2.1025953 -2.1025953 -2.1025953 -2.1025953 -2.1025953 -2.1025953 -2.1025953 -2.0837764 -1.8932595 -1.9652241 -2.2447303 -2.2447303 -2.2447303 -2.2447303 -2.2447303 -2.2447303 -2.2447303 -2.2447303 -2.2447303
-1.2101343 -1.1440875 -1.0757349 -1.0221367 -1.3997574 -1.7753363 -1.7753363 -1.7753362 -1.6979052 -1.1943490 -0.9978689 -0.9978689 -0.9978689 -1.0994200 -1.2940019 -1.2982950 -1.2982950 -1.2982950 -1.3489247 -1.3861245 -1.3861245 -1.3861245 -1.4318564 -1.6090142 -1.6596479 -1.6596488 -1.6596488 -1.8393219 -2.1025953 -2.1025953 -2.1025953 -2.1025953 -2.1025953 -2.1025953 -2.1025953 -2.1025953 -2.1025953 -2.1025953 -2.1025953 -2.1025953 -2.1025953 -2.1025953 -2.0670269 -1.8765101 -1.8084462 -1.8084462 -1.8084462 -1.9652241 -2.2447303 -2.2447303 -2.2447303 -2.2447303 -2.2447303 -2.2447303 -2.2447303 -2.2447303 -2.2447303
-1.2101343 -1.5299198 -1.7753365 -1.7753365 -1.7753363 -1.7753387 -1.7753387 -1.7753387 -1.7753362 -1.7753362 -1.4682626 -0.9978689 -0.9978689 -1.0994200 -1.2940019 -1.2982950 -1.2982950 -1.2982950 -1.3489247 -1.3861245 -1.3861245 -1.3861245 -1.4318573 -1.6090151 -1.6596488 -1.6596488 -1.6596488 -1.8393205 -2.1025953 -2.1025953 -2.1025953 -2.1025953 -2.1025953 -2.1025953 -2.1025953 -2.1025953 -2.1025953 -2.1025953 -2.1025953 -2.0502785 -1.8597615 -1.8084462 -1.8084453 -1.8084453 -1.8084453 -1.8084453 -1.8084453 -1.9652241 -2.2447303 -2.2447303 -2.2447303 -2.2447303 -2.2447303 -2.2447303 -2.2447303 -2.2447303 -2.2447303
-2.0011016 -1.9039995 -1.7753387 -1.7753387 -1.7753387 -1.7753387 -1.7753387 -1.7753387 -1.7753387 -1.7753387 -1.4682651 -0.9978689 -0.9978689 -1.0994200 -1.2940019 -1.2982950 -1.4858401 -1.9179979 -1.6315290 -1.3861245 -1.3861245 -1.5282228 -1.6596488 -1.6596488 -1.6596488 -1.6596488 -1.6596488 -1.9407999 -2.3527745 -2.3527745 -2.2655409 -2.1035028 -2.1025953 -2.1025953 -2.1025953 -2.1025953 -2.0335280 -1.8430112 -1.8084462 -1.8084462 -1.8084462 -1.8084453 -1.8084453 -1.8084453 -1.8084453 -1.7754184 -1.4410634 -1.6345029 -2.2447303 -2.2447303 -2.2447303 -2.2447303 -2.2447303 -2.2447303 -2.2447303 -2.2447303 -2.2447303
-2.0716558 -1.9040022 -1.7753387 -1.7753387 -1.7753387 -1.7753387 -1.7753387 -1.7753387 -1.7753387 -1.7753387 -1.7753387 -1.7421786 -1.2386223 -1.3249585 -1.9516985 -1.9655265 -1.9655265 -1.9655265 -1.6315290 -1.3861245 -1.3861245 -1.5282237 -1.6596488 -1.6596488 -1.6596488 -1.6358378 -1.4959592 -1.8124370 -2.3527753 -2.3527753 -2.3527753 -2.3527753 -2.3527745 -2.3527745 -2.3527745 -2.0331892 -1.8084462 -1.8084462 -1.8084453 -1.8084453 -1.8084453 -1.8084453 -1.8084453 -1.8084453 -1.5935434 -1.2922155 -1.2922155 -1.4985895 -1.8691730 -2.1141404 -2.2447303 -2.2447303 -2.2447303 -2.2447303 -2.2447303 -2.2447303 -2.2447303
-2.0716558 -2.0716549 -2.0083989 -1.8164785 -1.7753387 -1.7753387 -1.7753387 -1.7753387 -1.7753387 -1.7753387 -1.7695492 -1.7606804 -1.7606804 -1.8299239 -1.9626013 -1.9655286 -1.9655286 -1.9655286 -1.9655286 -1.8356593 -1.4603872 -1.5282237 -1.6596488 -1.6596488 -1.5597498 -1.4436829 -1.4436829 -1.6586840 -1.9939353 -2.2394407 -2.3527753 -2.3527753 -2.3527753 -2.1939715 -1.8414166 -1.8084453 -1.8084453 -1.8084453 -1.8084453 -1.8084453 -1.8084453 -1.8084453 -1.7460248 -1.4116701 -1.2922155 -1.3289572 -1.7009204 -1.8665090 -1.8691718 -2.1141392 -2.2447303 -2.2447303 -2.2447303 -2.2447303 -2.2447303 -2.2447303 -2.2447303
-2.0716558 -2.0716558 -2.0083989 -1.8164785 -1.7753387 -1.7753387 -1.7753387 -1.7753387 -1.7753387 -1.7753387 -1.7695492 -1.7606803 -1.7606803 -1.7606803 -1.7606803 -1.8904304 -1.9655286 -1.9655286 -1.9655286 -1.8969688 -1.6988546 -1.6596479 -1.6596488 -1.6596488 -1.5597491 -1.4436822 -1.4436822 -1.6586828 -1.9939341 -2.2394395 -2.3527753 -2.3527753 -2.3527753 -2.1939698 -1.8414149 -1.8084453 -1.8084453 -1.8084453 -1.8084453 -1.8084453 -1.8084453 -1.5641482 -1.2922155 -1.2922155 -1.2922155 -1.3289572 -1.7009204 -1.8665108 -1.8691718 -2.1141392 -2.2447303 -2.2447303 -2.2447303 -2.2447303 -2.2447303 -2.2447303 -2.2447303
-2.0716558 -2.0716558 -2.0716558 -2.0716558 -1.9208751 -1.7753387 -1.7753387 -1.8263554 -1.8882302 -1.8882302 -1.8378527 -1.7606803 -1.7606803 -1.7606803 -1.7606803 -1.8904304 -1.9655286 -1.9655286 -1.9655286 -1.8969688 -1.6988546 -1.6596488 -1.6235403 -1.4836617 -1.4436829 -1.4436822 -1.4436822 -1.6586828 -1.9655300 -1.8659504 -2.0057591 -2.3508442 -2.0021948 -1.8084470 -1.8084470 -1.8084453 -1.8084453 -1.8084453 -1.8084453 -1.8084453 -1.8084453 -1.5641482 -1.2922155 -1.2922155 -1.2922155 -1.3289572 -1.7009204 -1.8665108 -1.8665108 -1.8665108 -1.9808872 -2.2258546 -2.2447303 -2.2447303 -2.2447303 -2.2447303 -2.2447303
-2.0716558 -2.0716558 -2.0716558 -2.0716558 -1.9783197 -1.8882302 -1.8882302 -1.8882306 -1.8882306 -1.8882306 -1.8378527 -1.7606803 -1.7606803 -1.7606803 -1.7606803 -1.7606803 -1.8182595 -1.9509368 -1.9655286 -1.8969688 -1.6988546 -1.6596488 -1.6235396 -1.4836610 -1.4436822 -1.5021226 -1.8454243 -1.9737236 -1.9655283 -1.8659487 -1.8199801 -1.8199801 -1.8125521 -1.8084453 -1.8084453 -1.8084453 -1.8084453 -1.8084453 -1.8084453 -1.7166283 -1.3822733 -1.2922171 -1.2922155 -1.2922155 -1.2922155 -1.3289572 -1.7009204 -1.8665108 -1.8665108 -1.8665108 -1.9808872 -2.2258546 -2.2447303 -2.2447303 -2.2447303 -2.2447303 -2.2447303
-2.0716558 -2.0716558 -2.0716558 -2.0716558 -1.9783201 -1.8882306 -1.8882306 -1.8882306 -1.8882306 -1.8882306 -1.8882302 -1.8827904 -1.8001779 -1.7606803 -1.7606803 -1.7606803 -1.8182595 -1.9509368 -1.9655286 -1.8969688 -1.6988546 -1.5474522 -1.4436829 -1.4436829 -1.4436822 -1.5021226 -1.8454243 -1.9113612 -1.8199789 -1.8199789 -1.8199785 -1.8199785 -1.3829652 -1.3360390 -1.7680456 -1.8084453 -1.8084453 -1.8084453 -1.5347550 -1.2922171 -1.2922171 -1.2922155 -1.2922155 -1.2922155 -1.5312877 -1.8665108 -1.8665108 -1.8665108 -1.8665108 -1.8665108 -1.9808872 -2.2258546 -2.2447303 -2.2447303 -2.2447303 -2.2447303 -2.2447303
-2.0716558 -2.0716558 -2.0716558 -2.0716558 -1.9725984 -1.8787463 -1.8860292 -1.8882306 -1.8882306 -1.8882306 -1.8882306 -1.8827904 -1.8001779 -1.7606803 -1.7606803 -1.7606803 -1.7606803 -1.7606803 -1.8787665 -1.8485621 -1.5105693 -1.4436822 -1.4436822 -1.4436822 -1.4436822 -1.5021226 -1.8454243 -1.9113612 -1.8199785 -1.8199785 -1.5833852 -1.1439087 -1.1414472 -1.1414471 -1.1414471 -1.5330521 -1.6872331 -1.3528783 -1.2922155 -1.2922155 -1.2922155 -1.2922155 -1.2922155 -1.2922155 -1.5312895 -1.8665108 -1.8665108 -1.8665108 -1.8665108 -1.8665108 -1.8665108 -1.8665108 -2.0926027 -2.2447303 -2.2447303 -2.2447303 -2.2447303
-2.0716558 -2.0716558 -2.0020282 -1.7907791 -1.8124057 -1.8769862 -1.8769862 -1.8820676 -1.8882306 -1.8882306 -1.8882306 -1.8882302 -1.8882302 -1.8451152 -1.7625027 -1.7606803 -1.7606803 -1.7606803 -1.8787659 -1.8485621 -1.5105693 -1.4436822 -1.4436822 -1.4436822 -1.4436822 -1.5021226 -1.8454243 -1.9113612 -1.7826344 -1.3289634 -1.1195317 -1.1195317 -1.1336444 -1.1414450 -1.1414450 -1.2299649 -1.2922155 -1.2922155 -1.2922155 -1.2922155 -1.2922155 -1.2922155 -1.2922155 -1.2922155 -1.5312895 -1.8665108 -1.8665108 -1.8665108 -1.8665108 -1.8665108 -1.8665108 -1.8665108 -2.0926027 -2.2447303 -2.2447303 -2.2447303 -2.2447303
-1.8224081 -1.8224081 -1.8059894 -1.7561750 -1.7454961 -1.7660789 -1.8512432 -1.8769862 -1.8781061 -1.8853889 -1.8882306 -1.8882306 -1.8882306 -1.8451156 -1.7625031 -1.7606803 -1.7606803 -1.7606803 -1.7606810 -1.6896291 -1.4843137 -1.4436822 -1.4436822 -1.4436822 -1.6888642 -1.9567721 -1.8571924 -1.8199789 -1.7826344 -1.3289634 -1.1195295 -1.1195295 -1.1195296 -0.9952732 -0.7194189 -1.0450677 -1.2922155 -1.2922155 -1.2922155 -1.2922155 -1.2922155 -1.2922155 -1.2922155 -1.2922155 -1.5312895 -1.8665108 -1.8665108 -1.8665108 -1.8665108 -1.8665108 -1.8665108 -1.8665108 -2.0926027 -2.2447303 -2.2447303 -2.2447303 -2.2447303
-1.8224074 -1.6323565 -1.5417944 -1.7095396 -1.7454961 -1.7660789 -1.8512432 -1.8769862 -1.8769862 -1.8769862 -1.8814273 -1.8882306 -1.8882306 -1.8882302 -1.8882302 -1.8074404 -1.7606803 -1.7606803 -1.7606803 -1.7511826 -1.7237373 -1.7183052 -1.7183052 -1.7183052 -1.7183069 -1.7183069 -1.7183069 -1.5181458 -1.2248442 -1.2248442 -1.1881223 -1.1199112 -1.1195295 -0.9952732 -0.7194188 -0.6936238 -0.8341734 -1.2218740 -1.2922155 -1.2922155 -1.2922155 -1.2922155 -1.2922155 -1.2922155 -1.5312895 -1.8665108 -1.8665108 -1.8665108 -1.8665108 -1.8665108 -1.8665108 -1.8665108 -1.8665108 -1.9473946 -2.1608140 -2.1960216 -2.1960216
-1.8224074 -1.6323565 -1.5417934 -1.7095385 -1.7454961 -1.7454961 -1.7454961 -1.8049175 -1.8769862 -1.8769862 -1.8769862 -1.8774658 -1.8847486 -1.8882306 -1.8882306 -1.8882306 -1.8523786 -1.7697660 -1.7362537 -1.7183061 -1.7183061 -1.7183061 -1.7183061 -1.7183061 -1.7183061 -1.7183061 -1.7183061 -1.5181440 -1.2248445 -1.2248445 -1.2248442 -1.2248442 -0.8827056 -0.6936233 -0.6936233 -0.6936220 -0.8341734 -1.2218740 -1.2922155 -1.2922155 -1.2922155 -1.2922155 -1.3616570 -1.7336200 -1.8665090 -1.8665108 -1.8665108 -1.8665108 -1.8665108 -1.8665108 -1.8665108 -1.8665108 -1.8665108 -1.9473944 -2.1608138 -2.1960214 -2.1960214
