BMEestMidCedarDay519VarArcASCII.asc
ncols	153
nrows	79
xllcorner	-93.0837621
yllcorner	41.8867038
cellsize	0.0094877
NODATA_value	-9999.0000000
[rows 0 to 25 of 79, columns 60 to 119 of 153]
3.1272975 3.1272975 3.1272975 3.1272975 3.1272975 3.1272975 3.1272975 3.1272975 3.1272975 3.1272975 3.1272975 3.1272975 3.1272975 2.8609597 2.2472476 2.1797517 2.1797517 2.1797517 2.1797517 2.2239207 2.3950210 3.1348441 3.9375799 3.9375799 3.9375799 3.9375799 3.9375799 3.9375799 3.9375799 3.9375799 3.9375799 3.9375799 3.9375799 3.9375799 3.9375799 3.9375799 3.9375799 3.9375799 3.9375799 3.9375799 3.9375799 3.9375799 3.9375799 3.9375799 3.9375799 3.9375799 3.9375799 4.0071689 4.1562143 4.1676988 4.1676997 4.1676997 4.1676997 4.1676997 4.1676997 4.1676997 4.1676997 4.1676997 4.1676997 4.1676997
3.1272975 3.1272975 3.1272975 3.1272975 3.1272975 3.1272975 3.1272975 3.1272975 3.1272975 3.1272975 3.1272975 3.1272975 2.5271260 2.1797557 2.1797557 2.1797517 2.1797517 2.1797517 2.1797517 2.2239207 2.3950210 3.1348441 3.9375799 3.9375799 3.9375799 3.9375799 3.9375799 3.9375799 3.9375799 3.9375799 3.9375799 3.9375799 3.9375799 3.9375799 3.9375799 3.9375799 3.9375799 3.9375799 3.9375799 3.9375799 3.9375799 3.9375799 3.9375799 3.9375799 3.9375799 3.9375799 3.9375799 4.0071699 4.1562152 4.1676997 4.1676997 4.1676997 4.1676997 4.1676997 4.1676997 4.1676997 4.1676997 4.1676997 4.1676997 4.1676997
3.1272975 3.1272975 3.1272975 3.1272975 3.1272975 3.1272975 3.1272975 3.1272975 3.1272975 3.1272975 2.8070088 2.1932963 2.1797517 2.1797517 2.1797517 2.1797517 2.1797517 2.1797517 2.3169910 2.4439223 2.4439223 3.1348441 3.9375799 3.9375799 3.9375799 3.9375799 3.9375799 3.9375799 3.9375799 3.9375799 3.9375799 3.9375799 3.9375799 3.9375799 3.9375799 3.9375799 3.9375799 3.9375799 3.9375799 3.9375799 3.9375799 3.9375799 3.9375799 3.9375799 3.9375799 3.9375799 3.9375799 4.0071699 4.1562152 4.1676997 4.1676997 4.1676997 4.1676997 4.1676997 4.1676997 4.1676997 4.1676997 4.1676997 4.1676997 4.1676997
2.3955852 2.6039640 2.6039640 2.6039640 2.6039640 2.6039640 2.6039640 2.6039640 2.5356178 1.4976363 1.3996853 2.1629123 2.1797517 2.1797517 2.1797517 2.1797517 2.1797517 2.1797517 2.3169921 2.4439234 2.4439234 3.1348441 3.9375799 3.9375799 3.9375799 3.9375799 3.9375799 3.9375799 3.9375799 3.9375799 3.9375799 3.9375799 3.9375799 3.9375799 3.9375799 3.9375799 3.9375799 3.9375799 3.9375799 3.9375799 3.9375799 3.9375799 3.9375799 3.9375799 3.9375799 3.9375799 3.9375799 4.0071699 4.1562152 4.1676997 4.1676997 4.1676997 4.1676997 4.1676997 4.1676997 4.1676997 4.1676997 4.1676997 4.1676997 4.1676997
2.3955767 2.6039618 2.6039618 2.6039618 2.6039618 2.6039618 2.6039618 1.9709971 1.0013686 1.0013686 1.3996853 2.1629123 2.1797517 2.1797517 2.1797517 2.1797517 2.1797517 2.1797517 2.3169921 2.4439234 2.4439234 3.1348441 3.9375799 3.9375799 3.9375799 3.9375799 3.9375799 3.9375799 3.9375799 3.9375799 3.9375799 3.9375799 3.9375799 3.9375799 3.9375799 3.9375799 3.9375799 3.9375799 3.9375799 3.9375799 3.9375799 3.9375799 3.9375799 3.9375799 3.9375799 3.9391980 4.0882433 4.1676997 4.1676997 4.1676997 4.1676997 4.1676997 4.1676997 4.1676997 4.1676997 4.1676997 4.1676997 4.1676997 4.1676997 4.1676997
1.1030277 1.8667828 2.6039618 2.6039618 1.8919693 1.0257321 1.0082068 1.0013619 1.0059750 1.0760349 1.4712910 2.1644581 2.1797517 2.1797517 2.1797517 2.1797517 2.1797517 2.1797517 2.3169921 2.4439234 2.4439234 2.4439297 2.6086081 3.5760291 3.9375799 3.9375799 3.9375799 3.9375799 3.9375799 3.9375799 3.9375799 3.9375799 3.9375799 3.9375799 3.9375799 3.9375799 3.9375799 3.9375799 3.9375799 3.9375799 3.9375799 3.9375799 3.9375799 3.9375799 3.9375799 3.9391990 4.0882443 4.1676997 4.1676997 4.1676997 4.1676997 4.1676997 4.1676997 4.1676997 4.1676997 4.1676997 4.1676997 4.1676997 4.1676997 4.1676997
1.1030277 1.0650637 1.0284268 1.0284268 1.0161990 1.0013620 1.0013620 1.0013619 1.0059755 1.0760354 1.4712910 2.1644581 2.1797517 2.1797517 2.1797517 2.1797517 2.2389631 2.4100635 2.4439223 2.4439234 2.4439234 2.4439234 2.6086081 3.5760291 3.9375799 3.9375799 3.9375799 3.9375799 3.9375799 3.9375799 3.9375799 3.9375799 3.9375799 3.9375799 3.9375799 3.9375799 3.9375799 3.9375799 3.9375799 3.9375799 3.9375799 3.9375799 3.9375799 3.9375799 3.9375799 3.9391990 4.0882443 4.1676997 4.1676997 4.1676997 4.1676997 4.1676997 4.1676997 4.1676997 4.1676997 4.1676997 4.1676997 4.1676997 4.1676997 4.1676997
1.1030277 1.0650637 1.0284202 1.0284202 1.0161923 1.0013619 1.0013619 1.0440851 1.1095315 1.1095315 1.4712910 2.1644581 2.1797517 2.1797517 2.1797517 2.1797517 2.2389631 2.4100635 2.4439234 2.4439234 2.4439234 2.4439234 2.6086081 3.5760291 3.9375799 3.9375799 3.9375799 3.9375799 3.9375799 3.9375799 3.9375799 3.9375799 3.9375799 3.9375799 3.9375799 3.9375799 3.9375799 3.9375799 3.9375799 3.9375799 3.9375799 3.9375799 3.9375799 3.9375799 3.9375799 3.9391990 4.0882443 4.1676997 4.1676997 4.1676997 4.1676997 4.1676997 4.1676997 4.1676997 4.1676997 4.1676997 4.1676997 4.1676997 4.1676997 4.1676997
1.0387787 1.0284205 1.0284202 1.0284202 1.0161923 1.0013619 1.0013619 1.0440851 1.1095315 1.1095315 1.4712910 2.1644581 2.1797517 2.1797517 2.1797517 2.1797517 2.2389631 2.4100635 2.4439234 2.4439234 2.4439234 2.7383618 3.1749515 3.7301026 3.9375799 3.9375799 3.9375799 3.9375799 3.9375799 3.9375799 3.9375799 3.9375799 3.9375799 3.9375799 3.9375799 3.9375799 3.9375799 3.9375799 3.9375799 3.9375799 3.9375799 3.9375799 3.9375799 3.9375799 3.9375799 3.9391990 4.0882443 4.1676997 4.1676997 4.1676997 4.1676997 4.1676997 4.1676997 4.1676997 4.1676997 4.1676997 4.1676997 4.1676997 4.1676997 4.1676997
1.0387784 1.0284202 1.0241847 1.0066594 1.0013620 1.0013619 1.0013619 1.0440851 1.1095315 1.1095315 1.4712910 2.1644581 2.1797517 2.1797517 2.1797517 2.1797517 2.2389631 2.4100635 2.4439234 2.4439234 2.4439234 2.7383618 3.1749542 3.7301053 3.9375799 3.9375799 3.9375799 3.9375799 3.9375799 3.9375799 3.9375799 3.9375799 3.9375799 3.9375799 3.9375799 3.9375799 3.9375799 3.9375799 3.9375799 3.9375799 3.9375799 3.9375799 3.9375799 3.9375799 4.0202734 4.1676988 4.1676988 4.1676997 4.1676997 4.1676997 4.1676997 4.1676997 4.1676997 4.1676997 4.1676997 4.1676997 4.1676997 4.1676997 4.1676997 4.1676997
1.0387784 1.0284202 1.0241846 1.0066593 1.0013619 1.0121349 1.0821948 1.1095310 1.1095315 1.1095315 1.4712910 2.1644581 2.1797517 2.1797517 2.1797517 2.3320344 2.4439223 2.4439223 2.4439234 2.4439234 2.4439234 2.7383618 3.1749542 3.7301053 3.9375799 3.9375799 3.9375799 3.9375799 3.9375799 3.9375799 3.9375799 3.9375799 3.9375799 3.9375799 3.9375799 3.9375799 3.9375799 3.9375799 3.9375799 3.9375799 3.9375799 3.9375799 3.8660840 3.1422782 3.3043304 4.1676997 4.1676997 4.1676997 4.1676997 4.1676997 4.1676997 4.1676997 4.1676997 4.1676997 4.1676997 4.1676997 4.1676997 4.1676997 4.1676997 4.1676997
1.0387784 1.8554295 2.6536801 2.6536801 2.6536801 2.4998924 1.4997657 1.1095315 1.1095315 1.1095315 1.4712910 2.1644581 2.1797517 2.1797517 2.1797517 2.3320344 2.4439234 2.4439234 2.4439234 2.5503475 2.9626172 3.0804485 3.0804505 3.0804505 3.4281294 3.9375799 3.9375799 3.9375799 3.9375799 3.9375799 3.9375799 3.9375799 3.9375799 3.9375799 3.9375799 3.9375799 3.9375799 3.9375799 3.9375799 3.8024498 3.0786445 2.8200584 2.8200584 2.8200584 3.3043304 4.1676997 4.1676997 4.1676997 4.1676997 4.1676997 4.1676997 4.1676997 4.1676997 4.1676997 4.1676997 4.1676997 4.1676997 4.1676997 4.1676997 4.1676997
2.6536804 2.6536801 2.6536853 2.6536853 2.6536853 2.6536804 2.6536804 2.0437931 1.1095315 1.1095315 1.4712910 2.1644581 2.1797517 2.1797517 2.1797517 2.3320344 2.4439234 2.4439234 2.4439234 2.5503495 2.9626192 3.0804505 3.0804505 3.0804505 3.4281267 3.9375799 3.9375799 3.9375799 3.9375799 3.9375799 3.9375799 3.9375799 3.9375799 3.9375799 3.9375799 3.9375799 3.7388196 3.0150138 2.8200584 2.8200548 2.8200548 2.8200548 2.8200548 2.8200548 3.3043304 4.1676997 4.1676997 4.1676997 4.1676997 4.1676997 4.1676997 4.1676997 4.1676997 4.1676997 4.1676997 4.1676997 4.1676997 4.1676997 4.1676997 4.1676997
2.6536853 2.6536853 2.6536853 2.6536853 2.6536853 2.6536853 2.6536853 2.0437980 1.1095315 1.1095315 1.4712910 2.1644581 2.1797517 2.0276871 1.6772864 2.1028942 2.4439234 2.4439234 2.7746050 3.0804505 3.0804505 3.0804505 3.0804505 3.0804505 3.3038708 3.6312492 3.6312492 3.7380619 3.9364687 3.9375799 3.9375799 3.9375799 3.9375799 3.6751820 2.9513766 2.8200584 2.8200584 2.8200584 2.8200548 2.8200548 2.8200548 2.8200548 2.7964720 2.5577258 3.0681790 4.1676997 4.1676997 4.1676997 4.1676997 4.1676997 4.1676997 4.1676997 4.1676997 4.1676997 4.1676997 4.1676997 4.1676997 4.1676997 4.1676997 4.1676997
2.6536853 2.6536853 2.6536853 2.6536853 2.6536853 2.6536853 2.6536853 2.6536853 2.5878251 1.5876984 1.2884207 1.6311869 1.6387495 1.6387495 1.6387495 2.1028942 2.4439234 2.4439234 2.7746070 3.0804505 3.0804505 3.0804505 3.0905945 3.1501856 3.3585554 3.6312483 3.6312483 3.6312483 3.6312483 3.6312492 3.6312492 3.6312492 3.1549839 2.8200584 2.8200584 2.8200548 2.8200548 2.8200548 2.8200548 2.8200548 2.8200548 2.6666042 2.4514410 2.4514410 2.8275042 3.5026603 3.9364503 4.1676997 4.1676997 4.1676997 4.1676997 4.1676997 4.1676997 4.1676997 4.1676997 4.1676997 4.1676997 4.1676997 4.1676997 4.1676997
2.6349588 2.6536853 2.6536853 2.6536853 2.6536853 2.6536853 2.6536853 1.9762206 0.9384400 0.9384400 1.1751568 1.6287402 1.6387478 1.6387478 1.6387478 1.6387478 1.8192222 2.3407235 2.7746070 3.0804505 3.0804505 3.1230095 3.1724564 3.1724564 3.1180317 3.0698934 3.4539522 3.6312483 3.6312483 3.6312483 3.3945893 2.8691907 2.8200548 2.8200548 2.8200548 2.8200548 2.8200548 2.8200548 2.8200548 2.7754835 2.5367375 2.4514410 2.5183933 3.1962004 3.4979428 3.5026581 3.9364482 4.1676997 4.1676997 4.1676997 4.1676997 4.1676997 4.1676997 4.1676997 4.1676997 4.1676997 4.1676997 4.1676997 4.1676997 4.1676997
2.6349588 2.6536853 2.6536853 2.6536853 2.6536853 2.6536853 2.6536853 1.9762206 0.9384345 0.9384345 0.9384345 0.9384345 1.3820100 1.6387478 1.6387478 1.6387478 1.9618907 2.8956619 3.0804485 3.0804505 3.0804505 3.1230098 3.1724567 3.1724567 3.1180298 3.0698916 3.4539503 3.6312483 3.6312483 3.6312483 3.3945867 2.8691881 2.8200548 2.8200548 2.8200548 2.8200548 2.8200548 2.8200548 2.6456145 2.4514410 2.4514410 2.4514410 2.5183933 3.1962004 3.4979461 3.5026581 3.9364482 4.1676997 4.1676997 4.1676997 4.1676997 4.1676997 4.1676997 4.1676997 4.1676997 4.1676997 4.1676997 4.1676997 4.1676997 4.1676997
2.5188039 2.5874382 2.6536853 2.6536853 2.5379436 2.3975680 2.3975680 1.8212603 0.9384345 0.9384345 0.9384345 0.9384345 1.3820100 1.6387478 1.6387478 1.6387478 1.9618907 2.8956619 3.0804505 3.0958335 3.1554246 3.1724564 3.1724567 3.1724567 3.1180298 3.0266458 2.8853059 3.1029095 3.6283081 3.1087921 2.8200574 2.8200574 2.8200548 2.8200548 2.8200548 2.8200548 2.8200548 2.8200548 2.6456145 2.4514410 2.4514410 2.4514410 2.5183933 3.1962004 3.4979461 3.4979461 3.4979461 3.7004846 4.1342746 4.1676997 4.1676997 4.1676997 4.1676997 4.1676997 4.1676997 4.1676997 4.1676997 4.1676997 4.1676997 4.1676997
2.5188039 2.4571135 2.3975680 2.3975680 2.3975671 2.3975671 2.3975671 1.8212603 0.9384345 0.9384345 0.9384345 0.9384345 0.9384345 1.1352798 1.5888628 1.6387478 1.9618907 2.8956619 3.0804505 3.0958338 3.1554249 3.1724567 3.1576626 3.0707567 3.0382781 3.0266432 2.8853034 2.8200574 2.8200574 2.8200574 2.8200548 2.8200548 2.8200548 2.8200548 2.8200548 2.8200548 2.7544929 2.5157467 2.4514421 2.4514410 2.4514410 2.4514410 2.5183933 3.1962004 3.4979461 3.4979461 3.4979461 3.7004846 4.1342746 4.1676997 4.1676997 4.1676997 4.1676997 4.1676997 4.1676997 4.1676997 4.1676997 4.1676997 4.1676997 4.1676997
2.5188039 2.4571127 2.3975671 2.3975671 2.3975671 2.3975671 2.3975671 2.3975625 2.3353332 1.3902735 0.9384345 0.9384345 0.9384345 1.1352798 1.5888628 1.6387478 1.9618907 2.8956619 3.1282486 3.1724564 3.1724564 3.1724567 3.1576626 3.0707567 2.9497602 2.8200555 2.8200555 2.8200548 2.8200548 1.9312439 1.8426471 2.7364681 2.8200548 2.8200548 2.8200548 2.6246263 2.4514421 2.4514421 2.4514410 2.4514410 2.4514410 2.8870884 3.4979461 3.4979461 3.4979461 3.4979461 3.4979461 3.7004846 4.1342746 4.1676997 4.1676997 4.1676997 4.1676997 4.1676997 4.1676997 4.1676997 4.1676997 4.1676997 4.1676997 4.1676997
2.5188039 2.6716775 2.7532292 2.4801197 2.3975671 2.3975671 2.3975671 2.3975671 2.3353332 1.3902735 0.9384345 0.9384345 0.9384345 0.9384345 0.9384345 1.3421349 1.9825129 2.9758753 3.1724567 3.1724567 3.1724567 3.1724567 3.1576626 3.0707567 2.9497602 2.8200548 2.8200548 2.3388643 1.4450433 1.4400371 1.4400371 1.4400371 2.2502669 2.7335033 2.4947573 2.4514410 2.4514410 2.4514410 2.4514410 2.4514410 2.4514410 2.8870917 3.4979461 3.4979461 3.4979461 3.4979461 3.4979461 3.4979461 3.4979461 3.8983112 4.1676997 4.1676997 4.1676997 4.1676997 4.1676997 4.1676997 4.1676997 4.1676997 4.1676997 4.1676997
2.4198815 2.6152603 2.8192353 2.8192353 2.6286797 2.3975671 2.3975671 2.3975671 2.3975625 2.3975625 1.9043415 0.9592812 0.9384345 0.9384345 0.9384345 1.3421327 1.9825129 2.9758753 3.1724567 3.1724567 3.1724567 3.1724567 3.1576626 3.0707567 2.9497602 2.7427235 1.8032714 1.3695847 1.3695847 1.4149557 1.4400327 1.4400327 2.0338475 2.4514410 2.4514410 2.4514410 2.4514410 2.4514410 2.4514410 2.4514410 2.4514410 2.8870917 3.4979461 3.4979461 3.4979461 3.4979461 3.4979461 3.4979461 3.4979461 3.8983112 4.1676997 4.1676997 4.1676997 4.1676997 4.1676997 4.1676997 4.1676997 4.1676997 4.1676997 4.1676997
2.3718120 2.4039332 2.4689427 2.7379291 2.8192353 2.7772398 2.5041304 2.3975671 2.3975671 2.3975671 1.9043461 0.9592858 0.9384345 0.9384345 0.9384345 0.9384368 1.4391699 2.8861157 3.1724567 3.1724567 3.1724567 3.1103895 3.0142177 2.8728777 2.8200555 2.7427235 1.8032714 1.3695802 1.3695802 1.3695804 1.1811376 0.7627867 1.7380731 2.4514410 2.4514410 2.4514410 2.4514410 2.4514410 2.4514410 2.4514410 2.4514410 2.8870917 3.4979461 3.4979461 3.4979461 3.4979461 3.4979461 3.4979461 3.4979461 3.8983112 4.1676997 4.1676997 4.1676997 4.1676997 4.1676997 4.1676997 4.1545715 4.0899487 4.0679252 4.0679252
2.2012464 2.4039332 2.4689427 2.7379291 2.8192366 2.8192353 2.8192353 2.6526918 2.3975671 2.3975671 2.3975625 2.3975625 1.4733541 0.9384345 0.9384345 0.9384345 1.3611547 2.5826698 2.8244026 2.8244026 2.8244026 2.8244022 2.8244022 2.8244022 2.2661583 1.4481482 1.4481482 1.4207525 1.3698649 1.3695802 1.1811374 0.7627865 0.7236694 1.1293507 2.2484077 2.4514410 2.4514410 2.4514410 2.4514410 2.4514410 2.4514410 2.8870917 3.4979461 3.4979461 3.4979461 3.4979461 3.4979461 3.4979461 3.4979461 3.4979461 3.6378568 4.0070240 4.0679252 4.0679252 4.0679252 4.0679252 4.0679252 4.0679252 4.0679248 4.0543145
2.2012425 2.4039332 2.4039332 2.4039332 2.5916119 2.8192366 2.8192366 2.8192353 2.8012519 2.5281425 2.3975671 2.3975671 2.3975671 1.9874316 1.0423719 2.0256011 2.8244015 2.8244015 2.8244015 2.8244015 2.8244015 2.8244015 2.8244015 2.8244015 2.2661540 1.4481485 1.4481485 1.4481482 1.4481482 0.9815376 0.7236660 0.7236660 0.7236639 1.1293507 2.2484077 2.4514410 2.4514410 2.4514410 2.4514410 2.5779802 3.2557868 3.4979428 3.4979461 3.4979461 3.4979461 3.4979461 3.4979461 3.4979461 3.4979461 3.4979461 3.6378565 4.0070237 4.0679248 4.0679248 4.0679248 4.0679248 4.0679248 4.0679248 4.0679248 4.0543145
2.2012425 2.4039332 2.4039332 2.4039332 2.5916119 2.8192366 2.8192366 2.8192366 2.8192366 2.8192366 2.6767025 2.4035929 2.3975671 1.9874316 1.0423719 2.0256071 2.8244015 2.8244015 2.8244015 2.8244015 2.8244015 2.8244015 2.8244015 2.8244015 2.2661540 1.4481485 1.4481485 1.4481485 1.4481485 0.9815379 0.7088146 0.6758482 0.6727653 1.0904031 2.2424265 2.4514410 2.4514410 2.4514410 2.4514410 2.5779835 3.2557901 3.4979461 3.4979461 3.4979461 3.4979461 3.4979461 3.4979461 3.4979461 3.4979461 3.4979461 3.6378565 4.0070237 4.0679248 4.0679248 4.0679248 4.0679248 4.0679248 4.0679248 3.9900714 3.8855787
