BMEestMidCedarDay519VarArcASCII.asc
ncols	153
nrows	79
xllcorner	-93.0837621
yllcorner	41.8867038
cellsize	0.0094877
NODATA_value	-9999.0000000
[rows 26 to 51 of 79, columns 0 to 59 of 153]
4.2156054 4.2156054 4.2156054 4.2156054 4.2156054 4.2156054 4.2156054 4.2156054 4.2156054 4.2156054 4.2156054 4.2156054 4.2156054 4.2142133 4.2122903 4.2122903 4.2122903 4.2122903 4.2122903 4.2122903 4.2122903 4.2122903 4.2122903 4.2122903 4.1773644 4.1481431 4.1481431 4.1481431 4.1321554 4.0555705 4.0167163 3.9992827 3.9992827 3.9057487 3.7489507 3.7489507 3.5962935 3.2840904 3.2669225 3.2669225 3.2669225 2.7432495 2.3235797 2.3235797 2.3235797 2.3235797 2.3235797 1.4975821 0.4516066 0.4516066 0.8777680 1.5801040 1.9765155 2.1725662 2.1725662 1.1682803 0.5598550 0.5598550 0.7772066 0.9440187
4.2156054 4.2156054 4.2156054 4.2156054 4.2156054 4.2156054 4.2156054 4.2156054 4.2156054 4.2156054 4.2156054 4.2151925 4.2130454 4.2122903 4.2122903 4.2122903 4.2122903 4.2122903 4.2122903 4.2122903 4.2122903 4.2122903 4.2122903 4.2122903 4.2122901 4.1999641 4.1584169 4.1481431 4.1321554 4.0555705 4.0167163 3.9992827 3.9992827 3.9057487 3.7489507 3.7489507 3.5962935 3.2840904 3.2669225 3.2669225 3.2669225 2.7432465 2.3235797 2.3235797 2.3235797 2.0505104 0.8380597 0.4516125 0.4516066 0.4516066 0.8777661 1.5590774 1.5297536 1.5152509 1.5152509 1.5152509 1.2568910 0.6380922 0.7772066 0.9440140
4.2156054 4.2156054 4.2156054 4.2156054 4.2156054 4.2156054 4.2156054 4.2156054 4.2156054 4.2156054 4.2140246 4.2122903 4.2122903 4.2122903 4.2122903 4.2122903 4.2122903 4.2122903 4.2122903 4.2122903 4.2122903 4.2122903 4.2122903 4.2122903 4.2122903 4.1999643 4.1584171 4.1481431 4.1481427 4.1481427 4.0840462 3.9796905 3.8175541 3.7489507 3.7489507 3.7489507 3.5962935 3.2840904 3.2669225 3.2669225 3.2669225 2.7432465 2.3235797 2.3235797 2.3235797 2.0505104 0.8380597 0.4516066 0.4516066 0.4516066 0.8777661 1.5605236 1.5605236 1.5457024 1.5163786 1.5152488 1.2568910 0.6380922 0.5598499 0.6418601
4.2156054 4.2156054 4.2156054 4.2156054 4.2156054 4.2156054 4.2156054 4.2156054 4.2150037 4.2128566 4.2122903 4.2122903 4.2122903 4.2122903 4.2122903 4.2122903 4.2122903 4.2122903 4.2122903 4.2122903 4.2122903 4.2122903 4.2122903 4.2122903 4.2122903 4.1999643 4.1584171 4.1481431 4.1481431 4.1481431 4.0840466 3.9796898 3.8175533 3.7489507 3.7489507 3.7489507 3.5962935 3.2840904 3.2669225 3.2669225 3.2669225 2.7432465 2.3235797 2.3235797 2.3235797 2.0505104 0.8380597 0.4516066 0.4516066 0.4516066 0.8777661 1.5605236 1.5605236 1.5457024 1.5163786 1.5152488 1.5152488 1.5152488 0.9746926 0.6418601
4.2156054 4.2156054 4.2156054 4.2156054 4.2156054 4.2148150 4.2126679 4.2122903 4.2122903 4.2122903 4.2122903 4.2122903 4.2122903 4.2122903 4.2122903 4.2122903 4.2122903 4.2122903 4.2122903 4.2122903 4.2122903 4.2122903 4.2122903 4.2122903 4.2122903 4.1999643 4.1584171 4.1481431 4.1481431 4.1481431 3.9762588 3.7489513 3.7489513 3.7489507 3.7489507 3.7489507 3.5962935 3.2840904 3.2669225 3.2669225 3.2669225 2.7432465 2.3235797 2.3235797 2.3235797 2.0505104 0.8380597 0.4516066 0.4516066 0.4516066 0.8777661 1.5605236 1.5605236 1.5457024 1.5163786 1.5152488 1.5152488 1.5152488 1.5152488 1.3933013
4.2156054 4.2156054 4.2197761 4.2289217 4.2297257 4.2297257 4.2297257 4.2204187 4.2122903 4.2122903 4.2122903 4.2122903 4.2122903 4.2122903 4.2122903 4.2122903 4.2122903 4.2122903 4.2122903 4.2122903 4.2122903 4.2122903 4.2122903 4.2122903 4.2122903 4.1999643 4.1584171 4.1481431 4.1481431 4.1481431 3.9762583 3.7489507 3.7489507 3.7489507 3.7489507 3.7489507 3.5962935 3.2840904 3.2669225 3.2669225 3.2669225 2.7432465 2.3235797 2.3235797 2.3235797 2.0505104 0.8380597 0.4516066 0.4516066 0.4516066 0.8777661 1.5605236 1.5605236 1.5605235 1.5605235 1.5323294 1.5152488 1.5152488 1.5152488 1.5152476
4.2297257 4.2297257 4.2297257 4.2297257 4.2297257 4.2297257 4.2297257 4.2297257 4.2297257 4.2297257 4.2214115 4.2122903 4.2122903 4.2122903 4.2122903 4.2122903 4.2122903 4.2122903 4.2122903 4.2122903 4.2122903 4.2122903 4.2122903 4.2122903 4.2122903 4.1999643 4.1584171 4.1481431 4.1481431 4.1481431 3.9762583 3.7489507 3.7489507 3.7489507 3.7489507 3.7489507 3.5962935 3.2840904 3.2669225 3.0218835 2.4108936 2.3235817 2.3235797 2.3235797 1.3909880 0.4516066 0.4516066 0.4516066 0.4516066 0.4516066 0.8777661 1.5605236 1.5605236 1.5605236 1.5605236 1.5323295 1.5152488 1.5152488 1.5152488 1.5152488
4.2297257 4.2297257 4.2297257 4.2297257 4.2297257 4.2297257 4.2297257 4.2297257 4.2297257 4.2297257 4.2297257 4.2297257 4.2297257 4.2297257 4.2285470 4.2172543 4.2122903 4.2122903 4.2122903 4.2122903 4.2122903 4.2122903 4.2122903 4.2122903 4.2122903 4.1999643 4.1584171 4.1481431 4.1481431 4.1481431 3.9762583 3.7489507 3.7489507 3.7489507 3.7386712 3.4264683 3.2669225 3.2669225 3.2669225 3.0218835 2.4108936 2.3235797 2.3235797 2.3235797 1.3909880 0.4516066 0.4516066 0.4516066 0.4516066 0.4516066 0.8777661 1.5605236 1.5605236 1.5605236 1.5605236 1.5323295 1.5152488 1.5152488 1.5152488 1.5152488
4.2297257 4.2297257 4.2297257 4.2297257 4.2297257 4.2297257 4.2297257 4.2297257 4.2297257 4.2297257 4.2297257 4.2297257 4.2297257 4.2297257 4.2297257 4.2297257 4.2297257 4.2295398 4.2182471 4.2122903 4.2122903 4.2122903 4.2122903 4.2122903 4.2122903 4.2122902 4.2122902 4.1810171 4.1481431 4.1481431 3.9762583 3.7489507 3.7489507 3.7489507 3.7386712 3.4264683 3.2669225 3.2669225 3.2669225 3.0218835 2.4108936 2.3235797 2.3235797 2.3235797 1.3909880 0.4516066 0.4516066 0.4516066 0.4516066 0.4516066 0.8777661 1.5605236 1.5605236 1.5605236 1.5605236 1.5605235 1.5482803 1.5189565 1.5152488 1.5152488
4.2297257 4.2297257 4.2297257 4.2297257 4.2297257 4.2297257 4.2297257 4.2297257 4.2297257 4.2297257 4.2297257 4.2297257 4.2297257 4.2297257 4.2297257 4.2297257 4.2297257 4.2297257 4.2297257 4.2297257 4.2297257 4.2297257 4.2253826 4.2140900 4.2122903 4.2122903 4.2122903 4.1810171 4.1481431 4.1481431 3.9762583 3.7489507 3.7489507 3.7489507 3.7386712 3.4264683 3.2669225 3.2669225 3.2669225 3.0218835 2.4108936 2.3235797 2.3235797 2.3235797 1.3909880 0.4516066 0.4516066 0.4516066 0.4516066 0.4516066 0.8777661 1.5605236 1.5605236 1.5605236 1.5605236 1.5605236 1.5482804 1.5189566 2.9177213 3.9940341
4.2297257 4.2297257 4.2297257 4.2297257 4.2297257 4.2297257 4.2297257 4.2297257 4.2297257 4.2297257 4.2297257 4.2297257 4.2297257 4.2297257 4.2297257 4.2297257 4.2297257 4.2297257 4.2297257 4.2297257 4.2297257 4.2297257 4.2297257 4.2297257 4.2297257 4.2244208 4.2065393 4.2021173 4.2021173 4.2021173 4.1877248 4.1686927 4.1686927 4.1686927 4.1494618 3.5653974 3.2669225 3.2669225 3.2669225 3.0218835 2.4108936 2.3235797 2.3235797 2.3235797 1.3909880 0.4516066 0.4516066 0.4516066 0.4516066 0.4516066 0.8777661 1.5605236 1.5605236 1.5605236 1.5605236 1.5605236 2.2185866 3.7947417 3.9940393 3.9940393
4.2297257 4.2297257 4.2297257 4.2297257 4.2297257 4.2297257 4.2297257 4.2297257 4.2297257 4.2297257 4.2297257 4.2297257 4.2297257 4.2297257 4.2297257 4.2297257 4.2297257 4.2297257 4.2297257 4.2297257 4.2297257 4.2297257 4.2297257 4.2297257 4.2210667 4.2115729 4.2039921 4.2021174 4.2021174 4.2021174 4.1877257 4.1686935 4.1686935 4.1686935 4.1686916 4.1686916 4.1518728 4.1174758 4.1155844 3.6500998 2.4894424 2.3235797 2.3235797 2.3235797 1.3909880 0.4516066 0.4516066 0.4516066 0.4516066 0.4516066 0.8777661 1.5605236 1.5605236 1.5605236 1.5605236 3.0759532 3.9940342 3.9940342 3.9940393 3.9940393
4.2297257 4.2297257 4.2297257 4.2297257 4.2297257 4.2297257 4.2297257 4.2297257 4.2297257 4.2297257 4.2297257 4.2297257 4.2297257 4.2297257 4.2297257 4.2297257 4.2297257 4.2297257 4.2297257 4.2297257 4.2297257 4.2297257 4.2297257 4.2297257 4.2210667 4.2115729 4.2039920 4.2021174 4.2021174 4.2021174 4.1877257 4.1686935 4.1686935 4.1686935 4.1675610 4.1331641 4.1155862 4.1155862 4.1155862 4.1155862 4.1155862 4.0342996 3.2557503 0.9774763 0.4516105 0.4516066 0.4516066 0.4516066 0.4516066 0.4516066 0.8777661 1.5605236 1.5605236 2.3571610 3.9333150 3.9940393 3.9940393 3.9940393 3.9940393 3.9940393
4.2297257 4.2297257 4.2297257 4.2297257 4.2297257 4.2297257 4.2297257 4.2297257 4.2297257 4.2297257 4.2297257 4.2297257 4.2297257 4.2297257 4.2297257 4.2297257 4.2297257 4.2297257 4.2297257 4.2297257 4.2297257 4.2297257 4.2297257 4.2297257 4.2210667 4.2115729 4.2039920 4.2021174 4.2021174 4.2021174 4.1877257 4.1686935 4.1686935 4.1686935 4.1675610 4.1331641 4.1155862 4.1155862 4.1155862 4.1155862 4.1155862 4.0343031 3.9691639 3.9691639 3.8306016 3.6910386 3.6910386 3.4540853 3.1540257 3.1540257 2.7482766 2.1588569 3.3867571 3.9940393 3.9940393 3.9940393 3.9940393 3.9940393 3.9940393 3.9940393
4.2297257 4.2297257 4.2297257 4.2297257 4.2297257 4.2297257 4.2297257 4.2297257 4.2297257 4.2297257 4.2297257 4.2297257 4.2297257 4.2297257 4.2297257 4.2297257 4.2297257 4.2297257 4.2297257 4.2297257 4.2297257 4.2297257 4.2257642 4.2154636 4.2138220 4.2115729 4.2039920 4.2021174 4.2021174 4.2021174 4.1877257 4.1686935 4.1686935 4.1686935 4.1675610 4.1331641 4.1155862 4.1155862 4.1155862 4.0775524 3.9827167 3.9691639 3.9691639 3.9691639 3.8306090 3.6910454 3.6910454 3.4540910 3.1540314 3.1540314 2.7482777 2.0982168 2.0982168 2.7188359 3.9467361 3.9940393 3.9940393 3.9940393 3.9940393 3.9940393
4.2297257 4.2297257 4.2297257 4.2297257 4.2297257 4.2297257 4.2297257 4.2297257 4.2297257 4.2297257 4.2297257 4.2297257 4.2297257 4.2297257 4.2297257 4.2297257 4.2297257 4.2297257 4.2297257 4.2297257 4.2297257 4.2297257 4.2257642 4.2154635 4.2138219 4.2115729 4.2039920 4.2021174 4.2021174 4.2021174 4.1877257 4.1686935 4.1686935 4.1686935 4.1675610 4.1331641 4.1155862 4.1155862 4.1155862 4.0775521 3.9827164 3.9691639 3.9691639 3.9691639 3.8306090 3.6910454 3.6910454 3.4540910 3.1540314 3.1540314 2.7482777 2.0982128 2.0982128 2.7188319 3.9467321 3.9940393 3.9940393 3.9940393 3.9940393 3.9940393
4.2297257 4.2297257 4.2297257 4.2297257 4.2297257 4.2297257 4.2297257 4.2297257 4.2297257 4.2297257 4.2297257 4.2297257 4.2297257 4.2297257 4.2297257 4.2297257 4.2297257 4.2297257 4.2297257 4.2297257 4.2297257 4.2297257 4.2257642 4.2154635 4.2138219 4.2115729 4.2039920 4.2021174 4.2021174 4.2021174 4.1877257 4.1686935 4.1686935 4.1686935 4.1675610 4.1331641 4.1155862 4.1155862 4.1155862 4.0775521 3.9827164 3.9691639 3.9127575 3.7326240 3.6910460 3.6910454 3.6910454 3.4540910 3.1540314 3.1540314 2.7482777 2.0982128 2.0982128 2.0982168 2.0982168 3.2788098 3.9940393 3.9940393 3.9940393 3.9940393
4.2297257 4.2297257 4.2297257 4.2297257 4.2297257 4.2297257 4.2297257 4.2297257 4.2297257 4.2297257 4.2297257 4.2297257 4.2297257 4.2297257 4.2297257 4.2297257 4.2297257 4.2297257 4.2297257 4.2297257 4.2297257 4.2297257 4.2257642 4.2154635 4.2138219 4.2115729 4.2039920 4.2021174 4.2021174 4.2021174 4.1877257 4.1686935 4.1686935 4.1686935 4.1675610 4.1331641 4.1155862 4.1155862 4.1155862 4.0775521 3.9827164 3.9691639 3.9127575 3.7326240 3.6910454 3.6910454 3.6910454 3.4540910 3.1540314 3.1540314 2.7482777 2.0982128 2.0982128 2.0982128 2.0982128 3.2788058 3.9940393 3.9940393 3.9940393 3.9940393
4.2297257 4.2297257 4.2297257 4.2297257 4.2297257 4.2297257 4.2297257 4.2297257 4.2297257 4.2297257 4.2297257 4.2297257 4.2297257 4.2297257 4.2297257 4.2297257 4.2297257 4.2297257 4.2297257 4.2297257 4.2297257 4.2201611 4.2138220 4.2138220 4.2138219 4.2115729 4.2039920 4.2021174 4.2021174 4.2021174 4.1877257 4.1686935 4.1686935 4.1488505 4.1155862 4.1155862 4.1155862 4.1155862 4.0259658 3.9691642 3.9691642 3.9691639 3.9127575 3.7326240 3.6910454 3.6910454 3.6910454 3.4540910 3.1540314 3.1540314 2.7482777 2.0982128 2.0982128 2.0982128 2.0982128 2.0982128 1.5308207 0.1718368 2.2598005 3.9940393
4.2297257 4.2297257 4.2297257 4.2297257 4.2297257 4.2297257 4.2297257 4.2297257 4.2297257 4.2297257 4.2297257 4.2297257 4.2297257 4.2297257 4.2297257 4.2297257 4.2297257 4.2297257 4.2297257 4.2297257 4.2297257 4.2201611 4.2138219 4.2138219 4.2138219 4.2115729 4.2039920 4.2021174 4.2021174 4.2021174 4.1877257 4.1686935 4.1686935 4.1488505 4.1155862 4.1155862 4.1155862 4.1155862 4.0259655 3.9691639 3.9691639 3.9691639 3.9127575 3.7326240 3.6910454 3.6910454 3.6910454 3.4540910 3.1540314 3.1540314 2.7482777 2.0982128 2.0982128 2.0982128 2.0982128 2.0982128 1.5308167 0.1718328 0.0000084 0.4353149
4.2297257 4.2297257 4.2297257 4.2297257 4.2297257 4.2297257 4.2297257 4.2297257 4.2297257 4.2297257 4.2297257 4.2297257 4.2297257 4.2297257 4.2297257 4.2297257 4.2297257 4.2297257 4.2297257 4.2297257 4.2297257 4.2201611 4.2138219 4.2138219 4.2138219 4.2115729 4.2039920 4.2021174 4.2021174 4.2021174 4.1877257 4.1686935 4.1686935 4.1488505 4.1155862 4.1155862 4.1155862 4.1155862 4.0259655 3.9691639 3.9691639 3.9691639 3.9127575 3.7326240 3.6910454 3.6910454 3.6910454 3.4540910 3.1540314 3.1540314 2.7482777 2.0982128 2.0982128 2.0982128 2.0982128 2.0982128 1.5308167 0.1718328 0.0000000 0.0000043
4.2297257 4.2297257 4.2297257 4.2297257 4.2297257 4.2297257 4.2297257 4.2297257 4.2297257 4.2297257 4.2297257 4.2297257 4.2297257 4.2297257 4.2297257 4.2297257 4.2297257 4.2297257 4.2297257 4.2248586 4.2145579 4.2138219 4.2138219 4.2138219 4.2138219 4.2115729 4.2039920 4.2021174 4.2021174 4.2021174 4.1877257 4.1686935 4.1686935 4.1488505 4.1155862 4.1155862 4.1155862 4.1155862 4.0259655 3.9691639 3.9691639 3.9691639 3.9127575 3.7326240 3.6910454 3.6910454 3.6910454 3.4540910 3.1540314 3.1540314 2.7482777 2.0982128 2.0982128 2.0982128 2.0982128 2.0982128 1.5308167 0.1718328 0.0000000 0.0000000
4.2297257 4.2297257 4.2297257 4.2297257 4.2297257 4.2297257 4.2297257 4.2297257 4.2297257 4.2297257 4.2297257 4.2297257 4.2297257 4.2297257 4.2297257 4.2297257 4.2297257 4.2297257 4.2297257 4.2248586 4.2145579 4.2138219 4.2138219 4.2138219 4.2138219 4.2115729 4.2039920 4.2021174 4.2021174 4.2021174 4.1877257 4.1686935 4.1686935 4.1488505 4.1155862 4.1155862 4.0692146 3.9743788 3.9691639 3.9691639 3.9691639 3.9691639 3.9127575 3.7326240 3.6910454 3.6910454 3.6910454 3.4540910 3.1540314 3.1540314 3.1540314 3.1202570 2.4364181 2.0982128 2.0982128 2.0982128 1.5308167 0.1718328 0.0000000 0.0000000
4.2297257 4.2297257 4.2297257 4.2297257 4.2297257 4.2297257 4.2297257 4.2297257 4.2297257 4.2297257 4.2297257 4.2297257 4.2297257 4.2297257 4.2297257 4.2297257 4.2297257 4.2297257 4.2297257 4.2248586 4.2145579 4.2138219 4.2138219 4.2138219 4.2138219 4.2115729 4.2039920 4.2021174 4.2021174 4.2021174 4.1877257 4.1686935 4.1686935 4.1488505 4.1155862 4.1155862 4.0692146 3.9743788 3.9691639 3.9691639 3.9691639 3.9691639 3.9127575 3.7326240 3.6910454 3.6910454 3.6910454 3.4540910 3.1540314 3.1540314 3.1540314 3.1202570 2.4364181 2.0982128 2.0982128 2.0982128 1.5308167 0.1718328 0.0000000 0.0000000
4.2297257 4.2297257 4.2297257 4.2297257 4.2297257 4.2297257 4.2297257 4.2297257 4.2297257 4.2297257 4.2297257 4.2297257 4.2297257 4.2297257 4.2297257 4.2297257 4.2297257 4.2295561 4.2192555 4.2138219 4.2138219 4.2138219 4.2138219 4.2138219 4.2138219 4.2115729 4.2039920 4.2021174 4.2021174 4.2021174 4.1877257 4.1645370 4.1301401 4.1155862 4.1155862 4.1155862 4.0692146 3.9743788 3.9691639 3.9691639 3.9691639 3.8147728 3.6910454 3.6910454 3.6910454 3.6910454 3.6910454 3.4540910 3.1540314 3.1540314 3.1540314 3.1202570 2.4364181 2.0982128 2.0982128 2.0982128 1.5308167 0.1718328 0.0000000 0.0000000
4.2297257 4.2297257 4.2297257 4.2297257 4.2297257 4.2297257 4.2297257 4.2297257 4.2297257 4.2297257 4.2297257 4.2297257 4.2297257 4.2297257 4.2297257 4.2297257 4.2297257 4.2295561 4.2192555 4.2138219 4.2138219 4.2138219 4.2138219 4.2138219 4.2138219 4.2115729 4.2039920 4.2021174 4.2021174 4.2021174 4.1877257 4.1645369 4.1301400 4.1155862 4.1155862 4.1155862 4.0692146 3.9743788 3.9691639 3.9691639 3.9691639 3.8147725 3.6910454 3.6910454 3.6910454 3.6910454 3.6910454 3.4540910 3.1540314 3.1540314 3.1540314 3.1202570 2.4364181 2.0982128 2.0982128 2.0982128 1.5308167 0.1718328 0.0000000 0.0000000
