BMEestMidCedarDay519MeanArcASCII.asc
ncols	153
nrows	79
xllcorner	-93.0837621
yllcorner	41.8867038
cellsize	0.0094877
NODATA_value	-9999.0000000
[rows 25 to 49 of 79, columns 57 to 113 of 153]
-1.4523834 -1.4573567 -1.5417934 -1.7095385 -1.7454961 -1.7454961 -1.7454961 -1.8049175 -1.8769862 -1.8769862 -1.8769862 -1.8769862 -1.8769862 -1.8807870 -1.8880699 -1.8882306 -1.8523786 -1.7697660 -1.7362535 -1.7183061 -1.7183061 -1.7183061 -1.7183061 -1.7183061 -1.7183061 -1.7183061 -1.7183061 -1.5181440 -1.2248445 -1.2248445 -1.2248445 -1.2248445 -0.8827060 -0.6993392 -0.7120319 -0.7132189 -0.8491689 -1.2241769 -1.2922155 -1.2922155 -1.2922155 -1.2922155 -1.3616588 -1.7336218 -1.8665108 -1.8665108 -1.8665108 -1.8665108 -1.8665108 -1.8665108 -1.8665108 -1.8665108 -1.8665108 -1.9473944 -2.1608138 -2.1960214 -2.1960214
-1.4193772 -1.4573567 -1.4865054 -1.4865054 -1.6182930 -1.7454961 -1.7454961 -1.8049175 -1.8769862 -1.8769862 -1.8769862 -1.8769862 -1.8769862 -1.8769862 -1.8769862 -1.8769862 -1.8801464 -1.8874292 -1.7902766 -1.7183061 -1.7183061 -1.7183061 -1.7183061 -1.7183061 -1.7183061 -1.7183061 -1.7183061 -1.7183045 -1.6919958 -1.3723877 -1.2248445 -1.2248445 -0.9803654 -0.8452527 -0.8452527 -0.7677332 -0.7132189 -0.7132189 -1.0201882 -1.2922155 -1.2922155 -1.2922155 -1.3616588 -1.7336218 -1.8665108 -1.8665108 -1.8665108 -1.8665108 -1.8665108 -1.8665108 -1.8665108 -1.8665108 -1.8665108 -1.9473944 -2.1608138 -2.1960214 -2.1960214
-1.4289853 -1.4573567 -1.4865046 -1.4865046 -1.6182922 -1.7454961 -1.7454961 -1.7454965 -1.7585917 -1.8437559 -1.8769862 -1.8769862 -1.8769862 -1.8769862 -1.8769862 -1.8769862 -1.8323841 -1.7296092 -1.7183061 -1.7183061 -1.7183061 -1.7183061 -1.7183061 -1.7183061 -1.7183061 -1.7183061 -1.7183061 -1.7183061 -1.6919974 -1.3723893 -1.2248445 -1.2248445 -0.9803654 -0.8452531 -0.8452531 -0.8452527 -0.9144583 -1.1053592 -1.1399949 -1.1399967 -1.1399967 -1.0161033 -0.9977003 -1.6378203 -1.8665108 -1.8665108 -1.8665108 -1.8665108 -1.8665108 -1.8665108 -1.8665108 -1.8665108 -1.8665108 -1.9473944 -2.1608138 -2.1960214 -2.1960214
-1.4289853 -1.4193760 -1.4337064 -1.4771847 -1.6182922 -1.7454961 -1.7454961 -1.7454961 -1.7585917 -1.8437559 -1.8769862 -1.8769862 -1.8769862 -1.8769862 -1.8769862 -1.8769862 -1.8323841 -1.7296092 -1.7183061 -1.7183061 -1.7183061 -1.7183061 -1.7183061 -1.7183061 -1.7183061 -1.7183061 -1.7183061 -1.7183061 -1.6919974 -1.3723893 -1.2248445 -1.2248445 -1.4168638 -1.5229818 -1.5229818 -1.1250746 -0.9144596 -1.1053606 -1.1399962 -1.1399962 -1.1399962 -1.0161020 -0.8781955 -0.8781955 -1.1299413 -1.5074691 -1.7559109 -1.8665108 -1.8665108 -1.8665108 -1.8665108 -1.8665108 -1.8665108 -1.8075830 -1.6520916 -1.7816188 -1.9133618
-1.5367137 -1.4703251 -1.4337064 -1.4771847 -1.6182922 -1.7454961 -1.7454961 -1.7454961 -1.7585917 -1.8437559 -1.8769862 -1.8769862 -1.8769862 -1.8769862 -1.8769862 -1.8769862 -1.8323841 -1.7296092 -1.7183061 -1.7183061 -1.7183061 -1.7183061 -1.7183061 -1.7183061 -1.7183061 -1.7183061 -1.7183061 -1.7183061 -1.6919974 -1.3723893 -1.3288017 -1.5219024 -1.5229839 -1.5229839 -1.5229839 -1.2850700 -1.1229811 -1.1373827 -1.1399962 -1.1399962 -1.1399962 -1.0161020 -0.8781924 -0.8781924 -1.1299381 -1.4829282 -1.4829282 -1.4829282 -1.4829282 -1.4829282 -1.4829282 -1.4829282 -1.7122258 -1.8075812 -1.6520898 -1.7816170 -1.9133609
-1.5367137 -1.5367137 -1.5259950 -1.4934752 -1.6182922 -1.7454961 -1.7454961 -1.7454961 -1.7454961 -1.7454961 -1.7974304 -1.8758090 -1.8579320 -1.8493849 -1.8493849 -1.8493849 -1.8125411 -1.7276432 -1.7183061 -1.7183061 -1.7183061 -1.7183061 -1.7183061 -1.7183061 -1.7183061 -1.7183061 -1.7183061 -1.7183061 -1.7078926 -1.5813852 -1.5229833 -1.5229833 -1.5229839 -1.5229839 -1.5229839 -1.2850705 -1.1177607 -1.1177607 -1.1295494 -1.0934321 -0.9238654 -0.8781930 -0.8781924 -0.8781924 -1.1299381 -1.4829274 -1.4829274 -1.4829274 -1.4829274 -1.4829274 -1.4829274 -1.4829274 -1.3105828 -1.3006178 -1.5803009 -1.6264391 -1.6805302
-1.5367137 -1.5367137 -1.5367136 -1.5367136 -1.6429523 -1.7454961 -1.7454961 -1.7454961 -1.7558426 -1.8231298 -1.8493846 -1.8493849 -1.8493849 -1.8493849 -1.8493849 -1.8493849 -1.5928691 -1.0017860 -1.3872940 -1.7183061 -1.7183061 -1.7183061 -1.7183061 -1.7183061 -1.7183061 -1.7183061 -1.7183061 -1.7183061 -1.7078926 -1.5813852 -1.5229839 -1.5229839 -1.5229839 -1.5229839 -1.5229839 -1.2850705 -0.9833126 -0.6124442 -0.5451566 -0.6043896 -0.8200931 -0.8781924 -0.8781924 -0.8781924 -1.1299381 -1.4829274 -1.4829274 -1.4829274 -1.4829274 -1.4829274 -1.3957410 -1.2090081 -1.1946196 -1.3006164 -1.5802995 -1.6264385 -1.6264385
-1.5367137 -1.5367137 -1.5367137 -1.5367137 -1.6429524 -1.7617581 -1.8290455 -1.8493846 -1.8493846 -1.8493846 -1.8493849 -1.8493849 -1.8493849 -1.8493849 -1.8493849 -1.8493849 -1.5928675 -1.0017843 -0.7089878 -0.5416189 -0.5416189 -1.1529210 -1.7183061 -1.7183061 -1.7183061 -1.7183061 -1.7183061 -1.7183061 -1.7078926 -1.5813852 -1.5229839 -1.5229839 -1.5229839 -1.5229839 -1.5229839 -0.9488843 -0.5451554 -0.5451554 -0.5451554 -0.6043896 -0.8200931 -0.8781924 -0.8811843 -0.8972099 -0.9458230 -1.0364715 -1.3453992 -1.4829274 -1.4808990 -1.2941661 -1.1946196 -1.1946196 -1.1946196 -1.3006164 -1.5802995 -1.6264385 -1.6264385
-1.5367137 -1.5367137 -1.5367137 -1.5367137 -1.6958161 -1.8493846 -1.8493846 -1.8493849 -1.8493849 -1.8493849 -1.8493849 -1.8493849 -1.8493849 -1.8493849 -1.8493849 -1.2713449 -0.9367791 -0.9367791 -0.7089853 -0.5416165 -0.5416165 -0.5416165 -0.7383567 -1.5004821 -1.7183061 -1.7183061 -1.7183061 -1.4062573 -0.9490108 -0.9490108 -0.9490103 -0.9490103 -0.9140803 -0.8947762 -0.8947762 -0.8947762 -0.8126825 -0.5862389 -0.5451554 -0.6043896 -0.8200931 -0.8781924 -0.8811843 -0.8972099 -0.9458220 -1.0061356 -1.0079410 -1.0755388 -1.1946202 -1.1946202 -1.1946196 -1.1946196 -1.1946196 -1.2171072 -1.2764429 -1.4702290 -1.6264385
-1.5463139 -1.5367137 -1.5367137 -1.5367137 -1.6958161 -1.8493849 -1.8493849 -1.8493849 -1.8493849 -1.8493849 -1.8493849 -1.8493849 -1.8493849 -1.8493849 -1.8493849 -1.2713430 -0.9367772 -0.9367772 -0.7089853 -0.5416165 -0.5416165 -0.5416165 -0.5923905 -0.7890771 -0.9081445 -0.9811658 -0.9811658 -0.9811642 -0.9794499 -0.9586234 -0.9490091 -0.9490091 -0.9140791 -0.8947748 -0.8947748 -0.8947748 -0.8947741 -0.8947741 -0.9621697 -1.0218935 -1.0218935 -0.9655987 -0.9029352 -0.9029352 -0.9469824 -1.0087438 -1.0087438 -1.0755382 -1.1946196 -1.1946196 -1.1946196 -1.1946196 -1.2493833 -1.2862315 -1.2862315 -1.2862322 -1.3503693
-1.5463141 -1.8413458 -2.0751324 -2.0751324 -1.9602616 -1.8493849 -1.8493849 -1.8493849 -1.8493849 -1.8493849 -1.8493849 -1.8493849 -1.8493849 -1.8493849 -1.8493849 -1.2713430 -0.9367772 -0.9367772 -0.7089853 -0.5416165 -0.5416165 -0.5416165 -0.5923905 -0.7890771 -0.9081426 -0.9811643 -0.9811643 -0.9811643 -0.9794499 -0.9586235 -0.9490091 -0.9490091 -0.9490091 -0.9331865 -0.8980598 -0.8947748 -0.8947748 -0.8947748 -0.9621704 -1.0218945 -1.0218945 -1.0218945 -1.0075098 -0.9304616 -0.9469824 -1.0087438 -1.0087438 -1.0755382 -1.1946196 -1.1946196 -1.1946196 -1.1946196 -1.2493833 -1.2862315 -1.2862315 -1.2862315 -1.3503686
-2.0406390 -2.0751336 -2.0751336 -2.0751336 -1.9602616 -1.8493849 -1.8493849 -1.8493849 -1.8493849 -1.8493849 -1.8493849 -1.8493849 -1.8493849 -1.8493849 -1.8493849 -1.2713430 -0.9367772 -0.9367772 -0.7089853 -0.5416165 -0.5416165 -0.5416165 -0.5923905 -0.7890771 -0.9081426 -0.9811643 -0.9811643 -0.9811643 -0.9794499 -0.9586235 -0.9490091 -0.9490091 -0.9490091 -0.9331865 -0.8980598 -0.8947748 -0.8947748 -0.8947748 -0.9621704 -1.0218945 -1.0218945 -1.0218945 -1.0075100 -0.9304618 -0.9469824 -1.0087438 -1.0087438 -1.0755382 -1.1946196 -1.1946196 -1.1946196 -1.1946196 -1.2493833 -1.2862315 -1.2862315 -1.2862315 -1.2862322
-2.0751327 -2.0751336 -2.0751336 -2.0751336 -1.9602616 -1.8493849 -1.8493849 -1.8493849 -1.8493849 -1.8493849 -1.8493849 -1.8493849 -1.8493849 -1.5409021 -0.9498185 -0.9367791 -0.9367772 -0.9367772 -0.7089853 -0.5416165 -0.5416165 -0.5416165 -0.5923905 -0.7890771 -0.8452926 -0.8602733 -0.9482757 -0.9811643 -0.9811643 -0.9811643 -0.9699522 -0.9491258 -0.9490091 -0.9490090 -0.9490090 -0.9171671 -1.0175946 -1.3563837 -1.2079238 -1.0218945 -1.0218945 -1.0218945 -1.0218945 -1.0218945 -1.0164199 -1.0087438 -1.0087438 -1.0755382 -1.1946196 -1.1946196 -1.1946196 -1.1946196 -1.2493833 -1.2862315 -1.2862315 -1.2862315 -1.3227103
-2.0751336 -2.0751336 -2.0751336 -2.0751336 -1.9242905 -1.7897593 -1.8355451 -1.8493849 -1.8493849 -1.8493849 -1.8493849 -1.8493849 -1.8493849 -1.5644820 -1.0185803 -0.9623509 -0.9367772 -0.9367772 -0.7089853 -0.5416165 -0.5416165 -0.5416165 -0.5923905 -0.7890771 -0.8452923 -0.8602730 -0.9482754 -0.9811643 -0.9811643 -0.9811643 -0.9699522 -0.9491258 -0.9490091 -0.9490091 -0.9490091 -1.2242741 -1.4178511 -1.4178511 -1.4178511 -1.3474251 -1.0909694 -1.0218945 -1.0218945 -1.0218945 -1.1928218 -1.4113142 -1.1969197 -1.1014763 -1.1014767 -1.1014767 -1.1006724 -1.0989496 -1.0988169 -1.1252240 -1.1949021 -1.2063968 -1.2579264
-2.0751336 -2.0751336 -2.0751336 -2.0751336 -1.9242903 -1.7786935 -1.7786935 -1.8106394 -1.8493849 -1.8493849 -1.6916606 -1.4500488 -1.4500488 -1.3001305 -1.0128738 -0.9623511 -0.9367772 -0.9367772 -0.7089853 -0.5416165 -0.5416165 -0.5416165 -0.5923905 -0.7890771 -0.8452923 -0.8602730 -0.9482754 -0.9811643 -0.9811643 -0.9811643 -0.9699522 -0.9491258 -0.9490091 -1.1767913 -1.6824808 -1.5466366 -1.4178511 -1.4178511 -1.4178511 -1.4178503 -1.4178503 -1.2304713 -1.0715428 -1.3374813 -1.4324916 -1.4113151 -1.1969206 -1.1014765 -1.1014765 -1.1014765 -1.1006722 -1.0989494 -1.0988167 -1.1252239 -1.1949019 -1.2063966 -1.2579262
-2.0751336 -2.0751336 -2.0751336 -2.0751336 -1.9242903 -1.7786935 -1.7786935 -1.7786935 -1.7459627 -1.5331036 -1.4500480 -1.4500480 -1.4500480 -1.3001305 -1.0128738 -0.9623511 -0.9367772 -0.9367772 -0.7089853 -0.5416165 -0.5416165 -0.5416165 -0.5923905 -0.7890771 -0.8452923 -0.8602730 -0.9482754 -0.9811643 -0.9811643 -0.9811643 -0.9699522 -0.9491258 -1.4518650 -1.7297710 -1.7297710 -1.7297719 -1.6565319 -1.4545048 -1.4178511 -1.4178511 -1.4178511 -1.4247790 -1.4324925 -1.4324925 -1.4324925 -1.4113151 -1.1969206 -1.1014765 -1.1014765 -1.1014765 -1.1006722 -1.0989494 -1.0988167 -1.1252239 -1.1949019 -1.2063966 -1.2579262
-2.0751336 -2.0751336 -2.0751336 -2.0751336 -1.9242903 -1.7786935 -1.7786935 -1.7786935 -1.7459625 -1.5331034 -1.4500480 -1.4500480 -1.4500480 -1.3001305 -1.0128738 -1.0065360 -0.9869279 -0.9417461 -0.7089853 -0.5416165 -0.5416165 -0.5416165 -0.5923905 -0.7890771 -0.8452923 -0.8602730 -0.9482754 -0.9811643 -0.9811643 -0.9811643 -1.3247397 -1.9629319 -1.8140359 -1.7297726 -1.7297726 -1.7297726 -1.6565326 -1.4545054 -1.4178511 -1.4178511 -1.4178511 -1.4247799 -1.4324925 -1.4324925 -1.4324925 -1.4113151 -1.1969206 -1.1014765 -1.1014765 -1.1014765 -1.1006722 -1.0989494 -1.0988167 -1.1252239 -1.1949019 -1.2063966 -1.2579262
-2.0751336 -2.0751336 -2.0751336 -2.0751336 -1.9242903 -1.7786935 -1.7786935 -1.7786935 -1.7459625 -1.5331034 -1.3127707 -1.1024791 -1.1024791 -1.0700483 -1.0079078 -1.0065360 -0.9869281 -0.9417463 -0.7089853 -0.5416165 -0.5416165 -0.6993791 -0.8452923 -0.8452923 -0.8452923 -0.8452926 -0.8452926 -1.3000891 -1.9665044 -1.9665044 -1.9665064 -1.9665064 -1.8140359 -1.7297726 -1.7297726 -1.7297726 -1.7297726 -1.7297726 -1.5643991 -1.4716562 -1.6675916 -1.5841346 -1.4324925 -1.4324925 -1.4324925 -1.4113151 -1.1969206 -1.1014765 -1.1014765 -1.1014765 -1.1006722 -1.0989494 -1.0988167 -1.1252239 -1.1949019 -1.2063966 -1.2063972
-2.0751336 -2.0751336 -2.0751336 -2.0751336 -1.9242903 -1.7786935 -1.7786935 -1.7786935 -1.7070492 -1.2411199 -1.0763657 -1.1024784 -1.1024784 -1.1024784 -1.1024784 -1.0417089 -0.9869281 -0.9417463 -0.7089853 -0.5416165 -0.5416165 -0.6993798 -0.8452923 -0.8452923 -0.8452923 -0.9689130 -1.6951081 -1.9665064 -1.9665064 -1.9665064 -1.9665064 -1.9665064 -1.8140359 -1.7297726 -1.7297726 -1.7297726 -1.7297726 -1.7297726 -1.7247860 -1.7203664 -1.7203664 -1.5841352 -1.4324925 -1.4324925 -1.4324925 -1.4113151 -1.1969206 -1.1014765 -1.0995283 -0.9201230 -0.8244828 -0.8244828 -0.8247225 -0.8248841 -0.8248841 -1.0312209 -1.2063966
-0.5464270 -1.3808617 -2.0751336 -2.0751336 -1.4523454 -0.9964006 -1.5971137 -1.4536038 -1.0593196 -1.0593196 -1.0763649 -1.1024784 -1.1024784 -1.1024784 -1.1024784 -1.0417089 -1.0065358 -1.0065358 -0.7385314 -0.5416165 -0.5416165 -0.6993798 -0.8452923 -0.8452923 -0.8452923 -0.9689130 -1.6951081 -1.9665064 -1.9665064 -1.9665064 -1.9665064 -1.9665064 -1.9665064 -1.8974405 -1.7441114 -1.7297726 -1.7275642 -1.7214723 -1.7203670 -1.7203670 -1.7203670 -1.7203670 -1.6855575 -1.4991052 -1.4324925 -1.4324918 -1.4324918 -1.3135421 -1.0995277 -0.9201224 -0.8244822 -0.8244822 -0.8247220 -0.8248833 -0.8248833 -0.8489989 -0.8694733
-0.5464254 -0.4761938 -0.5562536 -0.7991538 -0.8512182 -0.8512201 -0.8512201 -0.9452620 -1.0593181 -1.0593181 -1.0593181 -1.0611589 -1.0891132 -1.1024784 -1.1024784 -1.1024782 -1.0755105 -1.0133700 -0.9663233 -0.8482060 -0.5922657 -0.6993798 -0.8452923 -0.8452923 -0.8452923 -0.9689130 -1.6951081 -1.9665064 -1.9665064 -1.9665064 -1.9665064 -1.9665064 -1.9665064 -1.8974405 -1.7441114 -1.7297726 -1.7275641 -1.7214723 -1.7203670 -1.7203670 -1.7203670 -1.7203670 -1.7203670 -1.7203670 -1.6005274 -1.4324925 -1.4324925 -1.2140043 -0.8244822 -0.8244822 -0.8246035 -0.8248633 -0.8248833 -0.8358284 -0.8647082 -0.8694725 -0.9085546
-0.5464254 -0.4761904 -0.4761912 -0.4761912 -0.6670229 -0.8512182 -0.8512182 -0.9452601 -1.0593181 -1.0593181 -1.0593181 -1.0611589 -1.0891132 -1.1024784 -1.1024784 -1.1024784 -1.0755107 -1.0133702 -0.9663233 -0.8482060 -0.5922657 -0.6993798 -0.8452923 -0.8452923 -1.3639323 -1.9665041 -1.9665041 -1.9665064 -1.9665064 -1.9665064 -1.9665064 -1.9665064 -1.9665064 -1.8974405 -1.7441114 -1.7297726 -1.7275641 -1.7214723 -1.7203670 -1.7203670 -1.7203670 -1.7203670 -1.7203670 -1.7203670 -1.6005274 -1.4235957 -1.3335266 -1.2934299 -1.2901294 -0.9863987 -0.8246035 -0.8248633 -0.8248833 -0.8358284 -0.8647083 -0.8694726 -0.9085546
-0.5464254 -0.4761904 -0.4761904 -0.4761904 -0.6670229 -0.8512182 -0.8512182 -0.8512184 -0.8719438 -1.0067272 -1.0593181 -1.0611589 -1.0891132 -1.1024784 -1.1024784 -1.1024784 -1.1024783 -1.1024783 -1.0069592 -0.8482060 -0.5922657 -0.6993798 -0.8452923 -0.8452923 -1.3639323 -1.9665064 -1.9665064 -1.9665064 -1.9665064 -1.9665064 -1.9665064 -1.9665064 -1.9665064 -1.9665062 -1.9665062 -1.8219938 -1.7203670 -1.7203670 -1.7203670 -1.7203670 -1.7203670 -1.7203670 -1.7203670 -1.7203670 -1.7203670 -1.6930528 -1.4165313 -1.2934296 -1.2934296 -1.2934296 -1.2934291 -1.2934291 -1.0399967 -0.8694725 -0.8694725 -0.8744608 -0.9160390
-0.5464254 -0.4761904 -0.4761904 -0.4761904 -0.6670229 -0.8512182 -0.8512182 -0.8512182 -0.8719436 -1.0067269 -1.0593181 -1.0611589 -1.0891132 -1.1024784 -1.1024784 -1.1024784 -1.1024784 -1.1024784 -1.0471720 -0.9023290 -0.6012070 -0.6993798 -1.0327572 -1.7589518 -1.9665052 -1.9665064 -1.9665064 -1.9665064 -1.9665064 -1.9665064 -1.9665064 -1.9665064 -1.9665064 -1.9665064 -1.9665064 -1.8219938 -1.7203670 -1.7203670 -1.7203670 -1.7203670 -1.7203670 -1.7203670 -1.7203670 -1.7203670 -1.5426373 -1.2934301 -1.2934301 -1.2934296 -1.2934296 -1.2934296 -1.2934296 -1.2934296 -1.0399967 -0.8694726 -0.8694726 -0.8744608 -0.9160390
-0.5464254 -0.4761904 -0.4761904 -0.4761904 -0.6670229 -0.8512182 -0.8512182 -0.8512182 -0.8719436 -1.0067269 -1.0593181 -1.0593181 -1.0593181 -1.0739073 -1.1018617 -1.1024784 -1.1024784 -1.1024784 -1.1024784 -1.0448325 -0.8782565 -0.8452920 -1.0327572 -1.7589518 -1.9665064 -1.9665064 -1.9665064 -1.9665064 -1.9665064 -1.9665064 -1.9665064 -1.9665064 -1.9665064 -1.9665064 -1.9665064 -1.8219938 -1.7203670 -1.7203670 -1.7203670 -1.7203670 -1.7203670 -1.7203670 -1.7203670 -1.7203670 -1.5426368 -1.2934296 -1.2934296 -1.2934296 -1.2934296 -1.2934296 -1.2934296 -1.2934296 -1.0399967 -0.8717365 -0.8777102 -0.8786957 -0.9160390
