BMEestMidCedarDay519MeanArcASCII.asc
ncols	153
nrows	79
xllcorner	-93.0837621
yllcorner	41.8867038
cellsize	0.0094877
NODATA_value	-9999.0000000
[rows 50 to 74 of 79, columns 0 to 56 of 153]
-2.5236736 -2.5236736 -2.5236736 -2.5236736 -2.5236736 -2.5236736 -2.5236736 -2.5236736 -2.5236736 -2.5236736 -2.5236736 -2.5236736 -2.5236736 -2.5236736 -2.5236736 -2.5236736 -2.5236736 -2.5232228 -2.4958373 -2.4813917 -2.4813917 -2.4813916 -2.4813916 -2.4813916 -2.4813916 -2.6039755 -3.0171698 -3.1193462 -3.1193462 -3.1193462 -3.1048886 -3.0770469 -3.0048675 -2.9743272 -2.9743271 -2.9743271 -2.9476990 -2.8932414 -2.8902468 -2.8902468 -2.8902468 -2.6998223 -2.5472180 -2.5472180 -2.5472180 -2.5472180 -2.5472180 -2.3266396 -2.0473172 -2.0473172 -2.0473172 -2.0244931 -1.5623676 -1.3338148 -1.3338148 -1.3338148 -1.1018971
-2.5236736 -2.5236736 -2.5236736 -2.5236736 -2.5236736 -2.5236736 -2.5236736 -2.5236736 -2.5236736 -2.5236736 -2.5236736 -2.5236736 -2.5236736 -2.5236736 -2.5236736 -2.5236736 -2.5236736 -2.5232228 -2.4958373 -2.4813916 -2.4813916 -2.4813916 -2.4813916 -2.4813916 -2.4813916 -2.6039755 -3.0171698 -3.1193462 -3.1193462 -3.1193462 -3.1048886 -3.0770468 -3.0048673 -2.9743271 -2.9743271 -2.9743271 -2.9476990 -2.8932414 -2.8902468 -2.8902468 -2.8902468 -2.6998219 -2.5472180 -2.5472180 -2.5472180 -2.5472180 -2.5472180 -2.3266396 -2.0473172 -2.0473172 -2.0473172 -2.0244931 -1.5623676 -1.3338148 -1.3338148 -1.3338148 -1.1018971
-2.5236736 -2.5236736 -2.5236736 -2.5236736 -2.5236736 -2.5236736 -2.5236736 -2.5236736 -2.5236736 -2.5236736 -2.5236736 -2.5236736 -2.5236736 -2.5236736 -2.5236736 -2.5236736 -2.5236736 -2.5232228 -2.4958373 -2.4813916 -2.4813916 -2.4813916 -2.4813916 -2.4813916 -2.4813916 -2.6039755 -3.0171698 -3.1193462 -3.1148063 -3.0930589 -3.0857692 -3.0770468 -3.0048673 -2.9743271 -2.9725341 -2.9180765 -2.8902469 -2.8902469 -2.8902468 -2.8902468 -2.8902468 -2.6998219 -2.5472180 -2.5472180 -2.5472180 -2.5472180 -2.5472180 -2.3266396 -2.0473172 -2.0473172 -2.0473172 -2.0244931 -1.5623676 -1.3338148 -1.3338148 -1.3338148 -1.1018971
-2.5236736 -2.5236736 -2.5236736 -2.5236736 -2.5236736 -2.5236736 -2.5236736 -2.5236736 -2.5236736 -2.5236736 -2.5236736 -2.5236736 -2.5236736 -2.5236736 -2.5236736 -2.5236736 -2.5083262 -2.4813917 -2.4813917 -2.4813916 -2.4813916 -2.4813916 -2.4813916 -2.4813916 -2.4813916 -2.6039755 -3.0171698 -3.1193462 -3.1148063 -3.0930589 -3.0857692 -3.0770468 -3.0048673 -2.9743271 -2.9725340 -2.9180764 -2.8902468 -2.8902468 -2.8902468 -2.8902468 -2.8902468 -2.6998219 -2.5472180 -2.5472180 -2.5472180 -2.5472180 -2.5472180 -2.3266396 -2.0473172 -2.0473172 -2.0473172 -2.0244931 -1.5623676 -1.3338148 -1.3338148 -1.3338148 -1.1018971
-2.5236736 -2.5236736 -2.5236736 -2.5236736 -2.5236736 -2.5236736 -2.5236736 -2.5236736 -2.5236736 -2.5236736 -2.5236736 -2.5236736 -2.5236736 -2.5236736 -2.5236736 -2.5236736 -2.5083262 -2.4813916 -2.4813916 -2.4813916 -2.4813916 -2.4813916 -2.4813916 -2.4813916 -2.4813916 -2.6039755 -3.0171698 -3.1193462 -3.1148063 -3.0930589 -3.0857692 -3.0770468 -3.0048673 -2.9743271 -2.9725340 -2.9180764 -2.8902468 -2.8902468 -2.8902468 -2.8902468 -2.8902468 -2.6998219 -2.5472180 -2.5472180 -2.5472180 -2.5472180 -2.5472180 -2.3266396 -2.0473172 -2.0473172 -2.0473172 -2.0244931 -1.5623676 -1.3338148 -1.3338148 -1.3338148 -1.1018971
-2.5236736 -2.5236736 -2.5236736 -2.5236736 -2.5236736 -2.5236736 -2.5236736 -2.5236736 -2.5236736 -2.5236736 -2.5236736 -2.5236736 -2.5236736 -2.5236736 -2.5236736 -2.5236736 -2.5083262 -2.4813916 -2.4813916 -2.4813916 -2.4813916 -2.4813916 -2.4813916 -2.4813916 -2.4813916 -2.6039755 -3.0171698 -3.1193462 -3.1148063 -3.0930589 -3.0857692 -3.0770468 -3.0048673 -2.9743271 -2.9725340 -2.9180764 -2.8902468 -2.8902468 -2.8902468 -2.8902468 -2.8902468 -2.6998219 -2.5472180 -2.5472180 -2.5472180 -2.5472180 -2.5472180 -2.3266396 -2.0473172 -2.0473172 -2.0473172 -2.0244931 -1.5623676 -1.3338148 -1.3338148 -1.3338148 -1.1018971
-2.5236736 -2.5236736 -2.5236736 -2.5236736 -2.5236736 -2.5236736 -2.5236736 -2.5236736 -2.5236736 -2.5236736 -2.5236736 -2.5236736 -2.5236736 -2.5236736 -2.5208152 -2.4934298 -2.4813917 -2.4813916 -2.4813916 -2.4813916 -2.4813916 -2.4813916 -2.4813916 -2.4813916 -2.4813916 -2.6039755 -3.0171698 -3.1193462 -3.1148063 -3.0930589 -3.0377843 -2.9743271 -2.9743271 -2.9429113 -2.8902468 -2.8902468 -2.8902468 -2.8902468 -2.8902468 -2.8902468 -2.8902468 -2.6998219 -2.5472180 -2.5472180 -2.5472180 -2.5472180 -2.5472180 -2.3266396 -2.0473172 -2.0473172 -2.0473172 -2.0244931 -1.5623676 -1.3338148 -1.3338148 -1.3338148 -1.1018971
-2.5236736 -2.5236736 -2.5236736 -2.5236736 -2.5236736 -2.5236736 -2.5236736 -2.5236736 -2.5236736 -2.5236736 -2.5236736 -2.5236736 -2.5236736 -2.5236736 -2.5208152 -2.4934297 -2.4813916 -2.4813916 -2.4813916 -2.4813916 -2.4813916 -2.4813916 -2.4813916 -2.4813916 -2.4813916 -2.6039755 -3.0171698 -3.1193462 -3.1148063 -3.0930589 -3.0377843 -2.9743271 -2.9743271 -2.9429113 -2.8902468 -2.8902468 -2.8902468 -2.8902468 -2.8902468 -2.8902468 -2.8902468 -2.6998219 -2.5472180 -2.5472180 -2.5472180 -2.5472180 -2.5472180 -2.3266396 -2.0473172 -2.0473172 -2.0473172 -2.0473164 -2.0473164 -1.8137445 -1.3516191 -1.3338148 -1.1018971
-2.5236736 -2.5236736 -2.5236736 -2.5236736 -2.5236736 -2.5236736 -2.5236736 -2.5236736 -2.5236736 -2.5236736 -2.5236736 -2.5236736 -2.5236736 -2.5236736 -2.5208152 -2.4934297 -2.4813916 -2.4813916 -2.4813916 -2.4813916 -2.4813916 -2.4813916 -2.4813916 -2.4813916 -2.4813916 -2.6039755 -3.0171698 -3.1193462 -3.1148063 -3.0930589 -3.0377843 -2.9743271 -2.9743271 -2.9429113 -2.8902468 -2.8902468 -2.8902468 -2.8902468 -2.8902468 -2.8902468 -2.8902468 -2.6998219 -2.5472180 -2.5472180 -2.5472180 -2.4742968 -2.1505180 -2.0473177 -2.0473172 -2.0473172 -2.0473172 -2.0473172 -2.0473172 -1.8137445 -1.3516191 -1.3338148 -1.1018971
-2.5236736 -2.5236736 -2.5236736 -2.5236736 -2.5236736 -2.5236736 -2.5236736 -2.5236736 -2.5236736 -2.5236736 -2.5236736 -2.5236736 -2.5236736 -2.5236736 -2.5208152 -2.4934297 -2.4813916 -2.4813916 -2.4813916 -2.4813916 -2.4813916 -2.4813916 -2.4813916 -2.4813916 -2.4813916 -2.6039755 -3.0171698 -3.1193462 -3.1148063 -3.0930589 -3.0377843 -2.9743271 -2.9743271 -2.9429113 -2.8902468 -2.8902468 -2.8902468 -2.8902468 -2.8902468 -2.8011430 -2.5789681 -2.5472180 -2.5472180 -2.5472180 -2.5472180 -2.4742962 -2.1505175 -2.0473172 -2.0473172 -2.0473172 -2.0473172 -2.0473172 -2.0473172 -1.8137445 -1.3516191 -1.3338148 -1.1018971
-2.5236736 -2.5236736 -2.5236736 -2.5236736 -2.5236736 -2.5236736 -2.5236736 -2.5236736 -2.5236736 -2.5236736 -2.5236736 -2.5236736 -2.5236736 -2.5059186 -2.4813917 -2.4813917 -2.4813916 -2.4813916 -2.4813916 -2.4813916 -2.4813916 -2.4813916 -2.4813916 -2.4813916 -2.4813916 -2.6039755 -3.0171698 -3.1193462 -3.1148063 -3.0930589 -3.0377843 -2.9677463 -2.9132887 -2.8902469 -2.8902468 -2.8902468 -2.8902468 -2.8902468 -2.8902468 -2.8011430 -2.5789681 -2.5472180 -2.5472180 -2.5472180 -2.5472180 -2.4742962 -2.1505175 -2.0473172 -2.0473172 -2.0473172 -2.0473172 -2.0473172 -2.0473172 -1.8137445 -1.3516191 -1.3338148 -1.1018971
-2.5236736 -2.5236736 -2.5236736 -2.5236736 -2.5236736 -2.5236736 -2.5236736 -2.5236736 -2.5236736 -2.5236736 -2.5236736 -2.5236736 -2.5236736 -2.5059186 -2.4813916 -2.4813916 -2.4813916 -2.4813916 -2.4813916 -2.4813916 -2.4813916 -2.4813916 -2.4813916 -2.4813916 -2.4813916 -2.6039755 -3.0171698 -3.1193462 -3.1148063 -3.0930589 -3.0377843 -2.9677463 -2.9132887 -2.8902468 -2.8902468 -2.8902468 -2.8902468 -2.8902468 -2.8902468 -2.8011430 -2.5789681 -2.5472180 -2.5472180 -2.5472180 -2.5472180 -2.4742962 -2.1505175 -2.0473172 -2.0473172 -2.0473172 -2.0473172 -2.0473172 -2.0473172 -1.8137445 -1.3516191 -1.3338148 -1.1018971
-2.5236736 -2.5236736 -2.5236736 -2.5236736 -2.5236736 -2.5236736 -2.5236736 -2.5236736 -2.5236736 -2.5236736 -2.5236736 -2.5236736 -2.5236736 -2.5059186 -2.4813916 -2.4813916 -2.4813916 -2.4813916 -2.4813916 -2.4813916 -2.4813916 -2.4813916 -2.4813916 -2.4813916 -2.4813916 -2.6039755 -3.0171698 -3.1193462 -3.0997383 -3.0058114 -2.9743271 -2.9677463 -2.9132887 -2.8902468 -2.8902468 -2.8902468 -2.8902468 -2.8902468 -2.8902468 -2.8011430 -2.5789681 -2.5472180 -2.5472180 -2.5472180 -2.5472180 -2.4742962 -2.1505175 -2.0473172 -2.0473172 -2.0473172 -2.0473172 -2.0473172 -2.0473172 -1.8137445 -1.3516191 -1.3338148 -1.1018971
-2.5236736 -2.5236736 -2.5236736 -2.5236736 -2.5236736 -2.5236736 -2.5236736 -2.5236736 -2.5236736 -2.5236736 -2.5236736 -2.5184075 -2.4910221 -2.4813916 -2.4813916 -2.4813916 -2.4813916 -2.4813916 -2.4813916 -2.4813916 -2.4813916 -2.4813916 -2.4813916 -2.4813916 -2.4813916 -2.6039755 -3.0171698 -3.1193462 -3.0997383 -3.0058114 -2.9743271 -2.9677463 -2.9132887 -2.8902468 -2.8902468 -2.8902468 -2.8902468 -2.8902468 -2.8902468 -2.8011430 -2.5789681 -2.5472180 -2.5472180 -2.5472180 -2.5472180 -2.4742962 -2.1505175 -2.0473172 -2.0473172 -2.0473172 -2.0473172 -2.0473172 -2.0473172 -1.8137445 -1.3516191 -1.3338148 -1.1018971
-2.5236736 -2.5236736 -2.5236736 -2.5236736 -2.5236736 -2.5236736 -2.5236736 -2.5236736 -2.5236736 -2.5236736 -2.5236736 -2.5184075 -2.4910221 -2.4813916 -2.4813916 -2.4813916 -2.4813916 -2.4813916 -2.4813916 -2.4813916 -2.4813916 -2.4813916 -2.4813916 -2.4813916 -2.4813916 -2.6039755 -3.0171698 -3.1193462 -3.0997383 -3.0058114 -2.9381237 -2.8902469 -2.8902469 -2.8902468 -2.8902468 -2.8902468 -2.8902468 -2.8902468 -2.8902468 -2.8011430 -2.5789681 -2.5472180 -2.5472180 -2.5472180 -2.5472180 -2.4742962 -2.1505175 -2.0473172 -2.0473172 -2.0473172 -2.0473172 -2.0473172 -2.0473172 -1.8137445 -1.3516191 -1.3338148 -1.1018971
-2.5236736 -2.5236736 -2.5236736 -2.5236736 -2.5236736 -2.5236736 -2.5236736 -2.5236736 -2.5236736 -2.5236736 -2.5236736 -2.5184075 -2.4910221 -2.4813916 -2.4813916 -2.4813916 -2.4813916 -2.4813916 -2.4813916 -2.4813916 -2.4813916 -2.4813916 -2.4813916 -2.4813916 -2.4813916 -2.6039755 -3.0171698 -3.1193462 -3.0997383 -3.0058114 -2.9381237 -2.8902468 -2.8902468 -2.8902468 -2.8902468 -2.8902468 -2.8902468 -2.8902468 -2.8902468 -2.8011430 -2.5789681 -2.5472180 -2.5472180 -2.5472180 -2.5472180 -2.4742962 -2.1505175 -2.0473172 -2.0473172 -2.0473172 -2.0473172 -2.0473172 -2.0473172 -1.8137445 -1.3516191 -1.3338148 -1.1018971
-2.5236736 -2.5236736 -2.5236736 -2.5236736 -2.5236736 -2.5236736 -2.5236736 -2.5236736 -2.5236736 -2.5236736 -2.5035110 -2.4813916 -2.4813916 -2.4813916 -2.4813916 -2.4813916 -2.4813916 -2.4813916 -2.4813916 -2.4813916 -2.4813916 -2.4813916 -2.4813916 -2.4813916 -2.4813916 -2.6039755 -3.0171698 -3.1193462 -3.0997383 -3.0058114 -2.9381237 -2.8902468 -2.8902468 -2.8902468 -2.8902468 -2.8902468 -2.8902468 -2.8902468 -2.8902468 -2.8011430 -2.5789681 -2.5472180 -2.5472180 -2.5472180 -2.5472180 -2.4742962 -2.1505175 -2.0473172 -2.0473172 -2.0473172 -2.0473172 -2.0473172 -2.0473172 -1.8137445 -1.3516191 -1.3338148 -1.1018971
-2.5236736 -2.5236736 -2.5236736 -2.5236736 -2.5236736 -2.5236736 -2.5236736 -2.5236736 -2.5236736 -2.5236736 -2.5035110 -2.4813916 -2.4813916 -2.4813916 -2.4813916 -2.4813916 -2.4813916 -2.4813916 -2.4813916 -2.4813916 -2.4813916 -2.4813916 -2.4813916 -2.4813916 -2.4813916 -2.6039755 -3.0171698 -3.1193462 -3.0997383 -3.0058114 -2.9381237 -2.8902468 -2.8902468 -2.8902468 -2.8902468 -2.8902468 -2.8902468 -2.8902468 -2.8902468 -2.8011430 -2.5789681 -2.5472180 -2.5472180 -2.5472180 -2.5472180 -2.4742962 -2.1505175 -2.0473172 -2.0473172 -2.0473172 -2.0473172 -2.0473172 -2.0473172 -2.0473172 -2.0473172 -1.6029960 -1.1018971
-2.5236736 -2.5236736 -2.5236736 -2.5236736 -2.5236736 -2.5236736 -2.5236736 -2.5236736 -2.5236736 -2.5236736 -2.5035110 -2.4813916 -2.4813916 -2.4813916 -2.4813916 -2.4813916 -2.4813916 -2.4813916 -2.4813916 -2.4813916 -2.4813916 -2.4813916 -2.4813916 -2.4813916 -2.4813916 -2.6039755 -3.0171698 -3.0486460 -2.9629586 -2.9085010 -2.8902468 -2.8902468 -2.8902468 -2.8902468 -2.8902468 -2.8902468 -2.8902468 -2.8902468 -2.6802891 -2.5472180 -2.5472180 -2.5472180 -2.5472180 -2.5472180 -2.5472180 -2.4742962 -2.1505175 -2.0473172 -2.0473172 -2.0473172 -2.0473172 -2.0473172 -2.0473172 -2.0473172 -2.0473172 -1.6029960 -1.1018971
-2.5236736 -2.5236736 -2.5236736 -2.5236736 -2.5236736 -2.5236736 -2.5236736 -2.5236736 -2.5159999 -2.4886145 -2.4813916 -2.4813916 -2.4813916 -2.4813916 -2.4813916 -2.4813916 -2.4813916 -2.4813916 -2.4813916 -2.4813916 -2.4813916 -2.4813916 -2.4813916 -2.4813916 -2.4813916 -2.6039755 -3.0171698 -3.0486460 -2.9629586 -2.9085010 -2.8902468 -2.8902468 -2.8902468 -2.8902468 -2.8902468 -2.8902468 -2.8902468 -2.8902468 -2.6802891 -2.5472180 -2.5472180 -2.5472180 -2.5472180 -2.5472180 -2.5472180 -2.4742962 -2.1505175 -2.0473172 -2.0473172 -2.0473172 -2.0473172 -2.0473172 -2.0473172 -2.0473172 -2.0473172 -1.6029960 -1.1018971
-2.5236736 -2.5236736 -2.5236736 -2.5236736 -2.5236736 -2.5236736 -2.5236736 -2.5236736 -2.5159999 -2.4886145 -2.4813916 -2.4813916 -2.4813916 -2.4813916 -2.4813916 -2.4813916 -2.4813916 -2.4813916 -2.4813916 -2.4813916 -2.4813916 -2.4813916 -2.4813916 -2.4813916 -2.4813916 -2.6039755 -3.0171698 -3.0486460 -2.9629586 -2.9085010 -2.8902468 -2.8902468 -2.8902468 -2.8902468 -2.8902468 -2.8902468 -2.8902468 -2.8902468 -2.6802891 -2.5472180 -2.5472180 -2.5472180 -2.5472180 -2.5472180 -2.5472180 -2.4742962 -2.1505175 -2.0473172 -2.0473172 -2.0473172 -2.0473172 -2.0473172 -2.0473172 -2.0473172 -2.0473172 -1.6029960 -1.1018971
-2.5236736 -2.5236736 -2.5236736 -2.5236736 -2.5236736 -2.5236736 -2.5236736 -2.5236736 -2.5159999 -2.4886145 -2.4813916 -2.4813916 -2.4813916 -2.4813916 -2.4813916 -2.4813916 -2.4813916 -2.4813916 -2.4813916 -2.4813916 -2.4813916 -2.4813916 -2.4813916 -2.4813916 -2.4813916 -2.6039755 -3.0171698 -3.0486460 -2.9629586 -2.9085010 -2.8902468 -2.8902468 -2.8902468 -2.8902468 -2.8902468 -2.8902468 -2.8902468 -2.8902468 -2.6802891 -2.5472180 -2.5472180 -2.5472180 -2.5472180 -2.5472180 -2.5472180 -2.4742962 -2.1505175 -2.0473172 -2.0473172 -2.0473172 -2.0473172 -2.0473172 -2.0473172 -2.0473172 -2.0473172 -1.6029960 -1.1018971
-2.5236736 -2.5236736 -2.5236736 -2.5236736 -2.5236736 -2.5236736 -2.5236736 -2.5011034 -2.4813916 -2.4813916 -2.4813916 -2.4813916 -2.4813916 -2.4813916 -2.4813916 -2.4813916 -2.4813916 -2.4813916 -2.4813916 -2.4813916 -2.4813916 -2.4813916 -2.4813916 -2.4813916 -2.4813916 -2.6039755 -3.0171698 -3.0076549 -2.8902468 -2.8902468 -2.8902468 -2.8902468 -2.8902468 -2.8902468 -2.8902468 -2.8902468 -2.8902468 -2.8902468 -2.6802891 -2.5472180 -2.5472180 -2.5472180 -2.5472180 -2.5472180 -2.5472180 -2.4742962 -2.1505175 -2.0473172 -2.0473172 -2.0473172 -2.0473172 -2.0473172 -2.0473172 -2.0473172 -2.0473172 -1.6029960 -1.1018971
-2.5236736 -2.5236736 -2.5236736 -2.5236736 -2.5236736 -2.5236736 -2.5236736 -2.5011034 -2.4813916 -2.4813916 -2.4813916 -2.4813916 -2.4813916 -2.4813916 -2.4813916 -2.4813916 -2.4813916 -2.4813916 -2.4813916 -2.4813916 -2.4813916 -2.4813916 -2.4813916 -2.4813916 -2.4813916 -2.6039755 -3.0171698 -3.0076549 -2.8902468 -2.8902468 -2.8902468 -2.8902468 -2.8902468 -2.8902468 -2.8902468 -2.8902468 -2.8902468 -2.8902468 -2.6802891 -2.5472180 -2.5472180 -2.5472180 -2.5472180 -2.5472180 -2.5472180 -2.4742962 -2.1505175 -2.0473172 -2.0473172 -2.0473172 -2.0473172 -2.0473172 -2.0473172 -2.0473172 -2.0473172 -1.6029960 -1.1018971
-2.5236736 -2.5236736 -2.5236736 -2.5236736 -2.5236736 -2.5236736 -2.5236736 -2.5011034 -2.4813916 -2.4813916 -2.4813916 -2.4813916 -2.4813916 -2.4813916 -2.4813916 -2.4813916 -2.4813916 -2.4813916 -2.4813916 -2.4813916 -2.4813916 -2.4813916 -2.4813916 -2.4813916 -2.4813916 -2.6039755 -3.0171698 -3.0076549 -2.8902468 -2.8902468 -2.8902468 -2.8902468 -2.8902468 -2.8902468 -2.8902468 -2.8902468 -2.8902468 -2.8902468 -2.6802891 -2.5472180 -2.5472180 -2.5472180 -2.5472180 -2.5472180 -2.5472180 -2.4742962 -2.1505175 -2.0473172 -2.0473172 -2.0473172 -2.0473172 -2.0473172 -2.0473172 -2.0473172 -2.0473172 -1.6029960 -1.1018971
