BMEestMidCedarDay519VarArcASCII.asc
ncols	153
nrows	79
xllcorner	-93.0837621
yllcorner	41.8867038
cellsize	0.0094877
NODATA_value	-9999.0000000
[rows 0 to 25 of 79, columns 0 to 59 of 153]
4.2685115 4.2685115 4.2685115 4.2685115 4.2294234 4.2023439 4.2023439 4.2023439 4.2023439 4.2023439 4.2023439 4.2023439 4.2023439 4.2023439 4.1977506 4.1537442 4.1344000 4.1333985 4.0725697 4.0404828 4.0404828 3.1788149 2.6077293 2.6077293 2.6077293 2.6077293 2.6077293 1.8317085 1.0159678 1.0159678 1.0159678 1.0159678 1.0159678 1.1526680 1.3818288 1.3818288 1.3818288 1.3818288 2.0192470 2.4232424 2.4232424 2.4693179 2.5062421 2.5062421 2.0137656 1.5177037 1.5177037 1.5177037 1.4538160 0.9885169 0.7993015 0.7993015 0.7993015 1.1517449 1.8490572 1.3946157 1.6504367 2.9615288 3.1272975 3.1272975
4.2685115 4.2685115 4.2685115 4.2685115 4.2616362 4.2438717 4.2085539 4.2023439 4.2023439 4.2023439 4.2023439 4.2023439 4.2023439 4.1738133 4.1344000 4.1344000 4.1344000 4.1333985 4.0725697 4.0404828 4.0404828 3.9125104 3.5238044 2.7336496 2.6077293 2.6077293 2.6077293 1.8317085 1.0159678 1.0159678 1.0159678 1.0446030 1.2815660 1.3818288 1.3818288 1.3818288 1.3818288 1.3818288 2.0192470 2.4232424 2.4232424 2.4693179 2.5062421 2.5062421 2.0137656 1.5177037 1.5177037 1.5177037 1.4538160 0.9885169 0.7993015 0.7993015 0.7993015 1.1517449 1.8490572 1.8759225 1.6669140 1.1663205 2.2483502 3.1272975
4.2685115 4.2685115 4.2685115 4.2685115 4.2616362 4.2518128 4.2380668 4.2178710 4.2023439 4.2023439 4.2023439 4.2023439 4.2023439 4.1738130 4.1344000 4.1344000 4.1344000 4.1333985 4.0725697 4.0404828 4.0404828 3.9125104 3.8276893 3.8276893 3.6062033 3.4208925 3.4208925 2.2484339 1.0159678 1.0159678 1.0159678 1.0446030 1.2815660 1.3818288 1.3818288 1.3818288 1.7116422 2.3861516 2.4232380 2.4448017 2.4985594 2.5062417 2.5062421 2.5062421 2.0137656 1.5177037 1.5177037 1.5177037 1.4538160 0.9885169 0.7993015 0.7993015 0.7993015 1.1517449 1.8490572 1.8759225 1.6669172 1.1663238 2.2483416 3.1272975
4.2685115 4.2685115 4.2650738 4.2575358 4.2568731 4.2518128 4.2380668 4.2356496 4.2296052 4.2080334 4.2023439 4.2023439 4.2023439 4.1738130 4.1344000 4.1344000 4.1344000 4.1333985 4.0725697 4.0404828 4.0404828 3.9125104 3.8276945 3.8276945 3.6062067 3.4208959 3.4208959 3.4208959 3.0957273 1.5380892 1.7110222 2.5324771 1.7239308 1.3818288 1.3818288 1.3818288 1.7116422 2.3861516 2.4232424 2.4448021 2.4985598 2.5062421 2.5062421 2.5062421 2.0137656 1.5177037 1.5177037 1.5177037 1.4538160 0.9885169 0.7993015 0.7993015 0.7993015 1.1517449 1.8490572 1.8759225 1.6669172 1.1663238 1.1030362 1.4234513
4.2685115 4.2685115 4.2650738 4.2575358 4.2568731 4.2518128 4.2380668 4.2356498 4.2356498 4.2356498 4.2184660 4.1996145 4.1996145 4.1722297 4.1344000 4.1344000 4.1003106 4.0404832 4.0404832 4.0404828 4.0404828 3.9125104 3.8276945 3.8276945 3.8276927 3.7495275 3.4860498 3.4208959 3.3139852 2.8018563 2.6301904 2.5324839 1.7239376 1.3818288 1.3818288 1.3818288 1.7116422 2.3861516 2.4232424 2.4448021 2.4985598 2.5062421 2.5062421 2.5062421 2.0137656 1.5177037 1.5177037 1.5177037 1.4538160 0.9885169 0.7993015 0.7993015 0.7993015 1.1517449 1.8490572 1.8759225 1.6669172 1.1663238 1.1030277 1.4234427
4.2685115 4.2685115 4.2650738 4.2575358 4.2568731 4.2518128 4.2380668 4.2356498 4.2356498 4.2356498 4.2184660 4.1996145 4.1996145 4.1996145 4.1952057 4.1529672 4.1003102 4.0404828 4.0404828 4.0404828 4.0404828 3.9125104 3.8276945 3.8276945 3.8276945 3.7495275 3.4860498 3.4208959 3.3139852 2.8018563 2.6301904 2.6301851 2.6301851 2.1637477 1.4040332 2.0785422 2.4232380 2.4232380 2.4232424 2.4448021 2.4985598 2.5062421 2.5062421 2.5062421 2.0137656 1.5177037 1.5177037 1.5177037 1.4538160 0.9885169 0.7993015 0.7993015 0.7993015 1.1517449 1.8490572 1.8759225 1.6669172 1.1663238 1.1030277 1.1030277
4.2685115 4.2685115 4.2650738 4.2575358 4.2568731 4.2518128 4.2380668 4.2356498 4.2356498 4.2356498 4.2184660 4.1996145 4.1996145 4.1996145 4.1952057 4.1529672 4.1003102 4.0404828 4.0404828 4.0404828 4.0404828 3.9125104 3.8276945 3.8276945 3.8276945 3.7495275 3.4860498 3.4208959 3.3139852 2.8018563 2.6301904 2.6301904 2.6301904 2.1637529 1.4040376 2.0785466 2.4232424 2.4232424 2.4232424 2.4448021 2.4985598 2.5062421 2.5062421 2.5062421 2.0137656 1.5177037 1.5177037 1.5177037 1.4538160 0.9885169 0.7993015 0.7993015 0.7993015 1.1517449 1.8490572 1.8759225 1.6669172 1.1663238 1.1030277 1.1030277
4.2685115 4.2685115 4.2650738 4.2575358 4.2568731 4.2568730 4.2568730 4.2455439 4.2356498 4.2356498 4.2184660 4.1996145 4.1996145 4.1996145 4.1996145 4.1996145 4.1418534 4.0404828 4.0404828 4.0404828 4.0404828 3.9125104 3.8276945 3.8276945 3.6062067 3.4208976 3.4208976 3.4208959 3.4208926 3.4208926 3.0804328 2.6301904 2.6301904 2.1637529 1.4040376 2.0785466 2.4232424 2.4232424 2.4232424 2.4448021 2.4985598 2.5062421 2.5062421 2.5062421 2.0137656 1.5177037 1.5177037 1.5177037 1.4538160 0.9885169 0.7993015 0.7993015 0.7993015 1.1517449 1.8490572 1.8759225 1.6669172 1.1663238 1.1030277 1.1030277
4.2685115 4.2685115 4.2650738 4.2575358 4.2568731 4.2568731 4.2568731 4.2455440 4.2356498 4.2356498 4.2184660 4.1996145 4.1996145 4.1996145 4.1996145 4.1996145 4.1418534 4.0404828 4.0404828 4.0404828 4.0404828 3.9125104 3.8276945 3.8276945 3.6062067 3.4208959 3.4208959 3.4208959 3.4208959 3.4208959 3.4208926 3.3590058 2.8468769 2.5528664 2.4232380 2.4232380 2.4232424 2.4232424 2.4232424 2.4448021 2.4985598 2.5062421 2.5062421 2.5062421 2.0137656 1.5177037 1.5177037 1.5177037 1.4538160 0.9885169 0.7993015 0.8337368 1.5310491 1.8759180 1.8759180 1.8759225 1.6669172 1.1663238 1.1030277 1.0871010
4.2685115 4.2609735 4.2568731 4.2568731 4.2568731 4.2568731 4.2568731 4.2455440 4.2356498 4.2356498 4.2356498 4.2311617 4.2078222 4.1996145 4.1996145 4.1996145 4.1418534 4.0404828 4.0404828 4.0404828 4.0404828 3.9125104 3.8276945 3.8276945 3.8276945 3.7495275 3.4860498 3.4208959 3.4208959 3.4208959 3.4208959 3.3590091 2.8468803 2.5528664 2.4232424 2.4232424 2.4232424 2.4232424 2.4232424 2.4448021 2.4985598 2.5062421 2.5062421 2.5062421 2.0137656 1.5177037 1.5177037 1.5177037 1.4538160 0.9885169 0.7993015 0.8337413 1.5310536 1.8759225 1.8759225 1.8759225 1.6669172 1.1663238 1.1030277 1.0871007
4.2685115 4.2609735 4.2568731 4.2568731 4.2568731 4.2568731 4.2568731 4.2455440 4.2356498 4.2356498 4.2356498 4.2311617 4.2078222 4.1996145 4.1996145 4.1996145 4.1418534 4.0404828 4.0404828 3.9753630 3.8375430 3.8276954 3.8276945 3.8276945 3.8276945 3.8276945 3.8276945 3.6293690 3.4208959 3.4208959 3.4208959 3.4208926 3.4208926 3.0481296 2.4232424 2.4232424 2.4232424 2.4232424 2.4232424 2.4448021 2.4985598 2.5062421 2.5062421 2.5062421 2.0137656 1.5177037 1.5177037 1.5177037 1.4538160 0.9885169 0.7993015 0.8337413 1.5310536 1.8759225 1.8759225 1.8759225 1.6669172 1.1663238 1.1030277 1.0871007
4.2685115 4.2609735 4.2568731 4.2568731 4.2568731 4.2568731 4.2568731 4.2455440 4.2356498 4.2356498 4.2356498 4.2311617 4.2078222 4.2063293 4.2156053 4.2156053 4.2156053 4.2156048 4.2156048 4.1620111 4.0485867 3.9125104 3.8276945 3.8276945 3.8276945 3.8276945 3.8276945 3.8276945 3.7726915 3.5092138 3.4208959 3.4208959 3.4208959 3.0481329 2.4232424 2.4232424 2.4232424 2.4232424 2.4232424 2.4448021 2.4985598 2.5062421 2.5062421 2.5062421 2.0137656 1.5177037 1.5177037 1.5177037 1.4538160 0.9885169 0.7993015 0.8337413 1.5310536 1.8759225 1.8759225 1.8759225 1.8759225 1.8759225 1.4386254 1.0871007
4.2685115 4.2609735 4.2568731 4.2568731 4.2568731 4.2568731 4.2568731 4.2455440 4.2356498 4.2356498 4.2356498 4.2331533 4.2201708 4.2156053 4.2156054 4.2156054 4.2156054 4.2156054 4.2156054 4.1620117 4.0485873 4.0404828 3.9874781 3.8496579 3.8276945 3.8276945 3.8276945 3.8276945 3.8276945 3.8276945 3.6525345 3.4208959 3.4208959 3.4208959 3.3996203 2.7534541 2.4232424 2.4232424 2.4232424 2.4448021 2.4985598 2.5062421 2.5062421 2.5062421 2.0137656 1.5177037 1.5177037 1.5177037 1.4538160 0.9885169 0.7993015 0.8337413 1.5310536 1.8759225 1.8759225 1.8759225 1.8759225 1.8759225 2.3159689 2.6536804
4.2685115 4.2609735 4.2568731 4.2568731 4.2568731 4.2568731 4.2568731 4.2455440 4.2356498 4.2356498 4.2260914 4.2156054 4.2156054 4.2156054 4.2156054 4.2156054 4.2156054 4.2156054 4.2156054 4.1620117 4.0485873 4.0404828 4.0404828 4.0404828 3.9246262 3.8276945 3.8276945 3.8276945 3.8276945 3.8276945 3.8276945 3.7958539 3.5323762 3.4208959 3.3996203 2.7534541 2.4232424 2.4232424 2.4232424 2.4448021 2.4985598 2.5062421 2.5062421 2.5062421 2.0137656 1.5177037 1.5177037 1.5177037 1.5408209 1.7091848 1.7776475 1.7776475 1.7776475 1.7776509 1.7776509 1.8388480 2.0497697 2.4661552 2.5951166 2.6536853
4.2568731 4.2568731 4.2568731 4.2568731 4.2568731 4.2568731 4.2568731 4.2455440 4.2320120 4.2190295 4.2156054 4.2156054 4.2156054 4.2156054 4.2156054 4.2156054 4.2156054 4.2156054 4.2156054 4.1967188 4.1567486 4.0856873 4.0404828 4.0404828 4.0404822 3.9995952 3.8617752 3.8276945 3.8276945 3.8276945 3.8276945 3.8276932 3.8276932 3.6756971 3.3996203 2.7534541 2.4232424 2.4232424 2.4232424 2.4448021 2.4985598 2.5062421 2.5062421 2.5062421 2.0137656 1.5556220 1.7239859 1.7776497 1.7776497 1.7776497 1.7776506 1.7776506 1.7776506 1.7776506 1.7776506 2.2391909 2.5188039 2.5188039 2.5951186 2.6536853
4.2568731 4.2568731 4.2568731 4.2568731 4.2568731 4.2568731 4.2568731 4.2348443 4.2156054 4.2156054 4.2156054 4.2156054 4.2156054 4.2156054 4.2156054 4.2156054 4.2156054 4.2156054 4.2156054 4.1967192 4.1567489 4.0856873 4.0404828 4.0404828 4.0404828 4.0404822 4.0404822 3.9367429 3.8276945 3.8276945 3.8276945 3.8276945 3.8276945 3.8276945 3.7977436 2.8880997 2.4232424 2.4232424 2.4232424 2.4448021 2.4985598 2.5062421 2.5062421 2.5062421 2.1432676 1.7776506 1.7776506 1.7776506 1.7776506 1.7776506 1.7776506 1.7776506 1.7776506 1.7776506 1.7776506 2.2391909 2.5188039 2.5188039 2.5188043 2.5475980
4.2568731 4.2568731 4.2568731 4.2568731 4.2568731 4.2568731 4.2568731 4.2348443 4.2156054 4.2156054 4.2156054 4.2156054 4.2156054 4.2156054 4.2156054 4.2156054 4.2156054 4.2149473 4.1749770 4.1538929 4.1538929 4.1538926 4.1256429 4.0521887 4.0404828 4.0404828 4.0404828 4.0404822 4.0117112 3.8738912 3.8276945 3.8276945 3.8276945 3.9474258 4.1449675 4.0485527 3.5001542 2.4793744 2.4232424 2.4448021 2.4985598 2.5062421 2.3584735 1.8865747 1.7776506 1.7776506 1.7776506 1.7776506 1.7776506 1.7776506 1.7776506 1.7776506 1.7776506 1.7776506 1.7776506 2.2391909 2.5188039 2.5188039 2.5188039 2.5475980
4.2568731 4.2568731 4.2568731 4.2568731 4.2568731 4.2470336 4.2203051 4.2156054 4.2156054 4.2156054 4.2156054 4.2156054 4.2156054 4.2156054 4.2156054 4.2156054 4.2156054 4.2149473 4.1749770 4.1538929 4.1538929 4.1538929 4.1256433 4.0521891 4.0404828 4.0404828 4.0404828 4.0404828 4.0404828 4.0404828 4.0868387 4.1481421 4.1481421 4.1481421 4.1449686 4.0485538 3.9992777 3.9992777 3.9992777 3.8090427 3.3347033 2.4401883 1.7776506 1.7776506 1.7776506 1.7776506 1.7776506 1.7776506 1.7776506 1.7776506 1.7776506 1.7776506 1.7776506 1.7776506 1.7776506 2.2391909 2.5188039 2.5188039 2.5188039 2.5188039
4.2568731 4.2568731 4.2568731 4.2568731 4.2568731 4.2470336 4.2203051 4.2156054 4.2156054 4.2156054 4.2156054 4.2156054 4.2156054 4.2156054 4.2156054 4.2156054 4.2156054 4.2149473 4.1749770 4.1538929 4.1538929 4.1538929 4.1538926 4.1538926 4.0921447 4.0404828 4.0404828 4.0404828 4.0550392 4.1247692 4.1481428 4.1481431 4.1481431 4.0925234 3.9992832 3.9992832 3.9992827 3.9992827 3.5510269 3.2669225 3.2669225 2.4401860 1.7776506 1.7776506 1.7776506 1.7776506 1.7776506 1.7776506 1.7776506 1.7776506 1.7776506 1.7776506 1.7776506 2.0202751 2.5003097 2.5188016 2.5188039 2.5188039 2.5188039 2.5188039
4.2568731 4.2568731 4.2568731 4.2568731 4.2324945 4.2156054 4.2156054 4.2156054 4.2156054 4.2156054 4.2156054 4.2156054 4.2156054 4.2156054 4.2156054 4.2156054 4.2156054 4.2149473 4.1749770 4.1538929 4.1538929 4.1538929 4.1538929 4.1538929 4.0921450 4.0611696 4.1308996 4.1481428 4.1481428 4.1481428 4.1481431 4.1481431 4.1481431 4.0925229 3.9992827 3.9992827 3.9992827 3.9992827 3.5510269 3.2669225 3.2669225 3.2669178 2.9648772 2.0002960 1.7776506 1.7776506 1.7776506 1.7776506 1.7776506 1.7776506 1.7776506 1.7776506 1.7776506 2.0202751 2.5003097 2.5188039 2.5188039 2.5188039 2.5188039 2.5188039
4.2568731 4.2568731 4.2568731 4.2568731 4.2324944 4.2156054 4.2156054 4.2156054 4.2156054 4.2156054 4.2156054 4.2156054 4.2156054 4.2156054 4.2156054 4.2156054 4.2156054 4.2149473 4.1749770 4.1538929 4.1538929 4.1538929 4.1538929 4.1538929 4.1507620 4.1481428 4.1481428 4.1481431 4.1481431 4.1481431 4.1481431 4.1388888 4.0623039 4.0184600 3.9992827 3.9992827 3.9992827 3.9992827 3.5510269 3.2669225 3.2669225 3.2669225 2.9648772 2.0002960 1.7776506 1.7776506 1.7776506 1.7776506 1.7776506 1.7776506 1.7776506 1.7776506 1.7776506 2.0202751 2.5003097 2.5188039 2.5188039 2.5188039 2.5188039 2.5188039
4.2568731 4.2568731 4.2446837 4.2179552 4.2156055 4.2156054 4.2156054 4.2156054 4.2156054 4.2156054 4.2156054 4.2156054 4.2156054 4.2156054 4.2156054 4.2156054 4.2156054 4.2149473 4.1749770 4.1538929 4.1538929 4.1538929 4.1538929 4.1538929 4.1507623 4.1481431 4.1481431 4.1481431 4.1481431 4.1481431 4.1481431 4.1388884 4.0623035 4.0184596 3.9992827 3.9992827 3.9200039 3.7578673 3.4539157 3.2669225 3.2669225 3.2669225 3.0755993 2.4646090 2.0516034 1.7776506 1.7776506 1.7776506 1.7776506 1.7776506 1.7776506 1.7776506 1.7776506 2.0202751 2.5003097 2.5188039 2.5188039 2.5188039 2.5188039 2.4942816
4.2568731 4.2568731 4.2446837 4.2179552 4.2156054 4.2156054 4.2156054 4.2156054 4.2156054 4.2156054 4.2156054 4.2156054 4.2156054 4.2156054 4.2156054 4.2156054 4.2156054 4.2149473 4.1749770 4.1538929 4.1538929 4.1538929 4.1524607 4.1487366 4.1481431 4.1481431 4.1481431 4.1481431 4.1481431 4.1481431 4.0972298 4.0275033 4.0076734 3.9992828 3.9992827 3.9992827 3.9200031 3.7578665 3.4539157 3.2669225 3.2669225 3.2669225 3.0755993 2.4646090 2.0516052 1.7776506 1.7776506 1.7776506 1.7776506 1.7776506 1.7776506 1.7776506 1.7776506 1.9069304 2.1627118 2.1725673 2.1725673 2.1725673 2.1725673 2.2219589
4.2568731 4.2301446 4.2156054 4.2156054 4.2156054 4.2156054 4.2156054 4.2156054 4.2156054 4.2156054 4.2156054 4.2156054 4.2156054 4.2156054 4.2156054 4.2156054 4.2156054 4.2149473 4.1749770 4.1538929 4.1538929 4.1890133 4.1963115 4.1547642 4.1481431 4.1481431 4.1481431 4.1481431 4.1481431 4.1481431 4.0972295 4.0275029 4.0076730 3.9992827 3.9939442 3.8318077 3.7489507 3.7489507 3.4539157 3.2669225 3.2669225 3.2669225 3.0755993 2.4646090 2.3235797 2.2439437 1.8903530 1.7776506 1.7776506 1.7776506 1.7776506 1.7902835 2.0460648 2.1725662 2.1725662 2.1725662 2.1725662 2.1725662 1.4774623 1.2556772
4.2568731 4.2301446 4.2156054 4.2156054 4.2156054 4.2156054 4.2156054 4.2156054 4.2156054 4.2156054 4.2156054 4.2156054 4.2156054 4.2156054 4.2156054 4.2156054 4.2144021 4.2122903 4.2122903 4.2122901 4.2122901 4.2122903 4.2122903 4.2122903 4.1773644 4.1481431 4.1481431 4.1481431 4.1481431 4.1481431 4.0972295 4.0275029 4.0076730 3.9992827 3.9939442 3.8318077 3.7489507 3.7489507 3.4539157 3.2669225 3.2669225 3.2669225 3.0755993 2.4646090 2.3235797 2.3235797 2.3235797 2.0826898 1.7776506 1.7776506 1.9294164 2.1725650 2.1725650 2.1725662 2.1725662 2.1725662 2.1725662 2.1725662 1.4774623 1.2556733
4.2156055 4.2156055 4.2156054 4.2156054 4.2156054 4.2156054 4.2156054 4.2156054 4.2156054 4.2156054 4.2156054 4.2156054 4.2156054 4.2156054 4.2153813 4.2132342 4.2122903 4.2122903 4.2122903 4.2122903 4.2122903 4.2122903 4.2122903 4.2122903 4.1773644 4.1481431 4.1481431 4.1481431 4.1321558 4.0555709 4.0298992 4.0275029 4.0076730 3.9057487 3.7489515 3.7489515 3.5962950 3.2840919 3.2669240 3.2669225 3.2669225 3.2669225 3.0755993 2.4646090 2.3235797 2.3235797 2.3235797 1.4975821 0.4516108 0.4516108 1.1129798 2.1725662 2.1725662 2.1725662 2.1725662 2.1725662 1.7364626 0.6919282 0.7772066 1.2556733
