BMEestMidCedarDay519MeanArcASCII.asc
ncols	153
nrows	79
xllcorner	-93.0837621
yllcorner	41.8867038
cellsize	0.0094877
NODATA_value	-9999.0000000
[rows 0 to 24 of 79, columns 0 to 56 of 153]
-2.2337965 -2.2337965 -2.2337965 -2.2337965 -2.1160209 -2.0344285 -2.0344285 -2.0344284 -2.0344284 -2.0344285 -2.0344285 -2.0344285 -2.0344285 -2.0344284 -2.0252944 -1.9377855 -1.8993185 -1.8985783 -1.8536235 -1.8299100 -1.8299100 -1.2864455 -0.9262548 -0.9262548 -0.9262548 -0.9262548 -0.9262548 -0.6295091 -0.3175748 -0.3175748 -0.3175748 -0.3175748 -0.3175748 -0.5496932 -0.9388106 -0.9388106 -0.9388106 -0.9388106 -1.1078860 -1.2150460 -1.2150460 -1.2780948 -1.3286212 -1.3286212 -1.2572377 -1.1853345 -1.1853345 -1.1853345 -1.1700704 -1.0589006 -1.0136930 -1.0136930 -1.0136930 -1.0780002 -1.2052324 -1.1374406 -1.0838730
-2.2337965 -2.2337965 -2.2337965 -2.2337965 -2.2038807 -2.1476946 -2.0513660 -2.0344285 -2.0344285 -2.0344285 -2.0344285 -2.0344285 -2.0344285 -1.9776938 -1.8993185 -1.8993185 -1.8993185 -1.8985783 -1.8536235 -1.8299100 -1.8299100 -2.2889357 -2.1779407 -1.0983069 -0.9262548 -0.9262548 -0.9262548 -0.6295091 -0.3175748 -0.3175748 -0.3175748 -0.3661976 -0.7685633 -0.9388106 -0.9388106 -0.9388106 -0.9388106 -0.9388106 -1.1078860 -1.2150460 -1.2150460 -1.2780948 -1.3286212 -1.3286212 -1.2572377 -1.1853345 -1.1853345 -1.1853345 -1.1700704 -1.0589006 -1.0136930 -1.0136930 -1.0136930 -1.0780002 -1.2052324 -1.2101343 -1.1785669
-2.2337965 -2.2337965 -2.2337965 -2.2337965 -2.2038807 -2.1660983 -2.1197628 -2.0704129 -2.0344285 -2.0344285 -2.0344285 -2.0344285 -2.0344285 -1.9776932 -1.8993185 -1.8993185 -1.8993185 -1.8985783 -1.8536235 -1.8299100 -1.8299100 -2.2889357 -2.5931560 -2.5931560 -2.3109871 -2.0749048 -2.0749048 -1.2181630 -0.3175748 -0.3175748 -0.3175748 -0.3661976 -0.7685633 -0.9388106 -0.9388106 -0.9388106 -1.0262937 -1.2052076 -1.2150448 -1.2445474 -1.3181084 -1.3286207 -1.3286212 -1.3286212 -1.2572377 -1.1853345 -1.1853345 -1.1853345 -1.1700704 -1.0589006 -1.0136930 -1.0136930 -1.0136930 -1.0780002 -1.2052324 -1.2101343 -1.1785674
-2.2337965 -2.2337965 -2.2188386 -2.1860393 -2.1831557 -2.1660983 -2.1197628 -2.1116152 -2.0976070 -2.0476140 -2.0344285 -2.0344284 -2.0344285 -1.9776932 -1.8993185 -1.8993185 -1.8993185 -1.8985783 -1.8536235 -1.8299100 -1.8299100 -2.2889357 -2.5931630 -2.5931630 -2.3109919 -2.0749096 -2.0749096 -2.0749096 -1.8373016 -0.6991006 -0.7857943 -1.3684957 -1.0665599 -0.9388106 -0.9388106 -0.9388106 -1.0262937 -1.2052076 -1.2150460 -1.2445478 -1.3181089 -1.3286212 -1.3286212 -1.3286212 -1.2572377 -1.1853345 -1.1853345 -1.1853345 -1.1700704 -1.0589006 -1.0136930 -1.0136930 -1.0136930 -1.0780002 -1.2052324 -1.2101343 -1.1785674
-2.2337965 -2.2337965 -2.2188386 -2.1860393 -2.1831557 -2.1660983 -2.1197628 -2.1116155 -2.1116155 -2.1116155 -2.0683914 -2.0209724 -2.0209724 -1.9698876 -1.8993185 -1.8993185 -1.8741251 -1.8299103 -1.8299103 -1.8299100 -1.8299100 -2.2889357 -2.5931630 -2.5931630 -2.5931608 -2.4935799 -2.1579144 -2.0749096 -1.9843298 -1.5504303 -1.4049868 -1.3685002 -1.0665644 -0.9388106 -0.9388106 -0.9388106 -1.0262937 -1.2052076 -1.2150460 -1.2445478 -1.3181089 -1.3286212 -1.3286212 -1.3286212 -1.2572377 -1.1853345 -1.1853345 -1.1853345 -1.1700704 -1.0589006 -1.0136930 -1.0136930 -1.0136930 -1.0780002 -1.2052324 -1.2101343 -1.1785674
-2.2337965 -2.2337965 -2.2188386 -2.1860393 -2.1831557 -2.1660983 -2.1197628 -2.1116155 -2.1116155 -2.1116155 -2.0683914 -2.0209723 -2.0209723 -2.0209723 -2.0127479 -1.9339544 -1.8741248 -1.8299100 -1.8299100 -1.8299100 -1.8299100 -2.2889357 -2.5931630 -2.5931630 -2.5931630 -2.4935799 -2.1579144 -2.0749096 -1.9843298 -1.5504303 -1.4049868 -1.4049849 -1.4049849 -1.2308029 -0.9447003 -1.1236141 -1.2150448 -1.2150448 -1.2150460 -1.2445478 -1.3181089 -1.3286212 -1.3286212 -1.3286212 -1.2572377 -1.1853345 -1.1853345 -1.1853345 -1.1700704 -1.0589006 -1.0136930 -1.0136930 -1.0136930 -1.0780002 -1.2052324 -1.2101343 -1.1785674
-2.2337965 -2.2337965 -2.2188386 -2.1860393 -2.1831557 -2.1660983 -2.1197628 -2.1116155 -2.1116155 -2.1116155 -2.0683914 -2.0209723 -2.0209723 -2.0209723 -2.0127479 -1.9339544 -1.8741248 -1.8299100 -1.8299100 -1.8299100 -1.8299100 -2.2889357 -2.5931630 -2.5931630 -2.5931630 -2.4734687 -2.0700129 -1.9702446 -1.8938165 -1.5277073 -1.4049868 -1.4049868 -1.4049868 -1.2308049 -0.9447015 -1.1236153 -1.2150460 -1.2150460 -1.2150460 -1.2445478 -1.3181089 -1.3286212 -1.3286212 -1.3286212 -1.2572377 -1.1853345 -1.1853345 -1.1853345 -1.1700704 -1.0589006 -1.0136930 -1.0136930 -1.0136930 -1.0780002 -1.2052324 -1.2101343 -1.1785674
-2.2337965 -2.2337965 -2.2188386 -2.1860393 -2.1831557 -2.1831554 -2.1831554 -2.1449671 -2.1116155 -2.1116155 -2.0683914 -2.0209723 -2.0209723 -2.0209723 -2.0209723 -2.0209723 -1.9516211 -1.8299100 -1.8299100 -1.8299100 -1.8299100 -2.2889357 -2.5931630 -2.5931630 -2.2540052 -1.9702467 -1.9702467 -1.9702441 -1.9702417 -1.9702417 -1.7268548 -1.4049868 -1.4049868 -1.2308049 -0.9447015 -1.1236153 -1.2150460 -1.2150460 -1.2150460 -1.2445478 -1.3181089 -1.3286212 -1.3286212 -1.3286212 -1.2572377 -1.1853345 -1.1853345 -1.1853345 -1.1700704 -1.0589006 -1.0136930 -1.0136930 -1.0136930 -1.0780002 -1.2052324 -1.2101343 -1.1785674
-2.2337965 -2.2337965 -2.2188386 -2.1860393 -2.1831557 -2.1831557 -2.1831557 -2.1449674 -2.1116155 -2.1116155 -2.0683914 -2.0209723 -2.0209723 -2.0209723 -2.0209723 -2.0209723 -1.9516211 -1.8299100 -1.8299100 -1.8299100 -1.8299100 -2.2889357 -2.5931630 -2.5931630 -2.2540052 -1.9702441 -1.9702441 -1.9702441 -1.9702441 -1.9702441 -1.9702417 -1.9260003 -1.5598911 -1.3340174 -1.2150448 -1.2150448 -1.2150460 -1.2150460 -1.2150460 -1.2445478 -1.3181089 -1.3286212 -1.3286212 -1.3286212 -1.2572377 -1.1853345 -1.1853345 -1.1853345 -1.1700704 -1.0589006 -1.0136930 -1.0199761 -1.1472084 -1.2101335 -1.2101335 -1.2101343 -1.1785674
-2.2337965 -2.2009972 -2.1831557 -2.1831557 -2.1831557 -2.1831557 -2.1831557 -2.1449674 -2.1116155 -2.1116155 -2.1116155 -2.1003262 -2.0416179 -2.0209723 -2.0209723 -2.0209723 -1.9516211 -1.8299100 -1.8299100 -1.8299100 -1.8299100 -2.1618019 -2.3817685 -2.3817685 -2.3817685 -2.3026928 -2.0361548 -1.9702441 -1.9702441 -1.9702441 -1.9702441 -1.9260027 -1.5598935 -1.3340174 -1.2150460 -1.2150460 -1.2150460 -1.2150460 -1.2150460 -1.2445478 -1.3181089 -1.3286212 -1.3286212 -1.3286212 -1.2572377 -1.1853345 -1.1853345 -1.1853345 -1.1700704 -1.0589006 -1.0136930 -1.0199769 -1.1472092 -1.2101343 -1.2101343 -1.2101343 -1.1785674
-2.2337965 -2.2009972 -2.1831557 -2.1831557 -2.1831557 -2.1831557 -2.1831557 -2.1449674 -2.1116155 -2.1116155 -2.1116155 -2.1003262 -2.0416179 -2.0209723 -2.0209723 -2.0209723 -1.9516211 -1.8299100 -1.8299100 -1.9987955 -2.3562259 -2.3817653 -2.3817677 -2.3817677 -2.3817677 -2.3817677 -2.3817677 -2.1811386 -1.9702441 -1.9702441 -1.9702441 -1.9702417 -1.9702417 -1.6880697 -1.2150460 -1.2150460 -1.2150460 -1.2150460 -1.2150460 -1.2445478 -1.3181089 -1.3286212 -1.3286212 -1.3286212 -1.2572377 -1.1853345 -1.1853345 -1.1853345 -1.1700704 -1.0589006 -1.0136930 -1.0199769 -1.1472092 -1.2101343 -1.2101343 -1.2101343 -1.1785674
-2.2337965 -2.2009972 -2.1831557 -2.1831557 -2.1831557 -2.1831557 -2.1831557 -2.1449674 -2.1116155 -2.1116155 -2.1116155 -2.1003262 -2.0416179 -2.5624923 -3.3105610 -3.3105610 -3.3105610 -3.3105604 -3.3105604 -3.1175587 -2.7090861 -2.5006013 -2.3817677 -2.3817677 -2.3817677 -2.3817677 -2.3817677 -2.3817677 -2.3261259 -2.0595878 -1.9702441 -1.9702441 -1.9702441 -1.6880721 -1.2150460 -1.2150460 -1.2150460 -1.2150460 -1.2150460 -1.2445478 -1.3181089 -1.3286212 -1.3286212 -1.3286212 -1.2572377 -1.1853345 -1.1853345 -1.1853345 -1.1700704 -1.0589006 -1.0136930 -1.0199769 -1.1472092 -1.2101343 -1.2101343 -1.2101343 -1.2101343
-2.2337965 -2.2009972 -2.1831557 -2.1831557 -2.1831557 -2.1831557 -2.1831557 -2.1449674 -2.1116155 -2.1116155 -2.1116155 -2.2609409 -3.0374836 -3.3105610 -3.3105651 -3.3105651 -3.3105651 -3.3105651 -3.3105651 -3.1175596 -2.7090870 -2.6799005 -2.6056367 -2.4125401 -2.3817677 -2.3817677 -2.3817677 -2.3817677 -2.3817677 -2.3817677 -2.2045732 -1.9702441 -1.9702441 -1.9702441 -1.9541390 -1.4650078 -1.2150460 -1.2150460 -1.2150460 -1.2445478 -1.3181089 -1.3286212 -1.3286212 -1.3286212 -1.2572377 -1.1853345 -1.1853345 -1.1853345 -1.1700704 -1.0589006 -1.0136930 -1.0199769 -1.1472092 -1.2101343 -1.2101343 -1.2101343 -1.2101343
-2.2337965 -2.2009972 -2.1831557 -2.1831557 -2.1831557 -2.1831557 -2.1831557 -2.1449674 -2.1116155 -2.1116155 -2.6833472 -3.3105651 -3.3105651 -3.3105651 -3.3105651 -3.3105651 -3.3105651 -3.3105651 -3.3105651 -3.1175596 -2.7090870 -2.6799005 -2.6799005 -2.6799005 -2.5175765 -2.3817677 -2.3817677 -2.3817677 -2.3817677 -2.3817677 -2.3817677 -2.3495573 -2.0830193 -1.9702441 -1.9541390 -1.4650078 -1.2150460 -1.2150460 -1.2150460 -1.2445478 -1.3181089 -1.3286212 -1.3286212 -1.3286212 -1.2572377 -1.1853345 -1.1853345 -1.1853345 -1.2672303 -1.8636832 -2.1062294 -2.1062294 -2.1062294 -2.1062300 -2.1062300 -1.5482002 -1.4431059
-2.1831559 -2.1831557 -2.1831557 -2.1831557 -2.1831557 -2.1831557 -2.1831557 -2.1449674 -2.3292070 -3.1057498 -3.3105613 -3.3105651 -3.3105651 -3.3105651 -3.3105651 -3.3105651 -3.3105651 -3.3105651 -3.3105651 -3.2123327 -3.0044379 -2.8033382 -2.6799005 -2.6799005 -2.6798995 -2.6226138 -2.4295174 -2.3817677 -2.3817677 -2.3817677 -2.3817677 -2.3817664 -2.3817664 -2.2280048 -1.9541390 -1.4650078 -1.2150460 -1.2150460 -1.2150460 -1.2445478 -1.3181089 -1.3286212 -1.3286212 -1.3286212 -1.2572377 -1.3196653 -1.9161182 -2.1062299 -2.1062299 -2.1062299 -2.1062328 -2.1062328 -2.1062328 -2.1062328 -2.1062328 -2.0847006 -2.0716558
-2.1831557 -2.1831557 -2.1831557 -2.1831557 -2.1831557 -2.1831557 -2.1831557 -2.7849657 -3.3105613 -3.3105613 -3.3105651 -3.3105651 -3.3105651 -3.3105651 -3.3105651 -3.3105651 -3.3105651 -3.3105651 -3.3105651 -3.2123337 -3.0044388 -2.8033382 -2.6799005 -2.6799005 -2.6799005 -2.6798995 -2.6798995 -2.5345528 -2.3817677 -2.3817677 -2.3817677 -2.3817677 -2.3817677 -2.3817677 -2.3568865 -1.6012173 -1.2150460 -1.2150460 -1.2150460 -1.2445478 -1.3181089 -1.3286212 -1.3286212 -1.3286212 -1.7160168 -2.1062328 -2.1062328 -2.1062328 -2.1062328 -2.1062328 -2.1062328 -2.1062328 -2.1062328 -2.1062328 -2.1062328 -2.0847006 -2.0716558
-2.1831557 -2.1831557 -2.1831557 -2.1831557 -2.1831557 -2.1831557 -2.1831557 -2.7849694 -3.3105651 -3.3105651 -3.3105651 -3.3105651 -3.3105651 -3.3105651 -3.3105651 -3.3105651 -3.3105651 -3.3071424 -3.0992476 -2.9895842 -2.9895842 -2.9895832 -2.9124431 -2.7118652 -2.6799005 -2.6799005 -2.6799005 -2.6798995 -2.6395892 -2.4464928 -2.3817677 -2.3817677 -2.3817677 -2.5254351 -2.7648218 -2.7206052 -2.2283588 -1.2678630 -1.2150460 -1.2445478 -1.3181089 -1.3286212 -1.4863318 -1.9899803 -2.1062328 -2.1062328 -2.1062328 -2.1062328 -2.1062328 -2.1062328 -2.1062328 -2.1062328 -2.1062328 -2.1062328 -2.1062328 -2.0847006 -2.0716558
-2.1831557 -2.1831557 -2.1831557 -2.1831557 -2.1831557 -2.4519644 -3.1821716 -3.3105651 -3.3105651 -3.3105651 -3.3105651 -3.3105651 -3.3105651 -3.3105651 -3.3105651 -3.3105651 -3.3105651 -3.3071424 -3.0992476 -2.9895842 -2.9895842 -2.9895842 -2.9124441 -2.7118662 -2.6799005 -2.6799005 -2.6799005 -2.6799005 -2.6799005 -2.6799005 -2.7170925 -2.7662777 -2.7662777 -2.7662777 -2.7648230 -2.7206065 -2.6980057 -2.6980057 -2.6980057 -2.6226503 -2.4347562 -2.2404380 -2.1062328 -2.1062328 -2.1062328 -2.1062328 -2.1062328 -2.1062328 -2.1062328 -2.1062328 -2.1062328 -2.1062328 -2.1062328 -2.1062328 -2.1062328 -2.0847006 -2.0716558
-2.1831557 -2.1831557 -2.1831557 -2.1831557 -2.1831557 -2.4519644 -3.1821716 -3.3105651 -3.3105651 -3.3105651 -3.3105651 -3.3105651 -3.3105651 -3.3105651 -3.3105651 -3.3105651 -3.3105651 -3.3071424 -3.0992476 -2.9895842 -2.9895842 -2.9895842 -2.9895832 -2.9895832 -2.8209711 -2.6799005 -2.6799005 -2.6799005 -2.6915794 -2.7475255 -2.7662786 -2.7662789 -2.7662789 -2.7407713 -2.6980106 -2.6980106 -2.6980104 -2.6980104 -2.5204484 -2.4079097 -2.4079097 -2.2404405 -2.1062328 -2.1062328 -2.1062328 -2.1062328 -2.1062328 -2.1062328 -2.1062328 -2.1062328 -2.1062328 -2.1062328 -2.1062328 -2.0949137 -2.0725186 -2.0716559 -2.0716558
-2.1831557 -2.1831557 -2.1831557 -2.1831557 -2.8491630 -3.3105651 -3.3105651 -3.3105651 -3.3105651 -3.3105651 -3.3105651 -3.3105651 -3.3105651 -3.3105651 -3.3105651 -3.3105651 -3.3105651 -3.3071424 -3.0992476 -2.9895842 -2.9895842 -2.9895842 -2.9895842 -2.9895842 -2.8209721 -2.6964979 -2.7524440 -2.7662786 -2.7662786 -2.7662786 -2.7662789 -2.7662789 -2.7662789 -2.7407711 -2.6980104 -2.6980104 -2.6980104 -2.6980104 -2.5204484 -2.4079097 -2.4079097 -2.4079088 -2.3467254 -2.1513334 -2.1062328 -2.1062328 -2.1062328 -2.1062328 -2.1062328 -2.1062328 -2.1062328 -2.1062328 -2.1062328 -2.0949137 -2.0725186 -2.0716558 -2.0716558
-2.1831557 -2.1831557 -2.1831557 -2.1831557 -2.8491666 -3.3105651 -3.3105651 -3.3105651 -3.3105651 -3.3105651 -3.3105651 -3.3105651 -3.3105651 -3.3105651 -3.3105651 -3.3105651 -3.3105651 -3.3071424 -3.0992476 -2.9895842 -2.9895842 -2.9895842 -2.9895842 -2.9895842 -2.8680019 -2.7662786 -2.7662786 -2.7662789 -2.7662789 -2.7662789 -2.7662789 -2.7617504 -2.7242745 -2.7045293 -2.6980104 -2.6980104 -2.6980104 -2.6980104 -2.5204484 -2.4079097 -2.4079097 -2.4079097 -2.3467254 -2.1513334 -2.1062328 -2.1062328 -2.1062328 -2.1062328 -2.1062328 -2.1062328 -2.1062328 -2.1062328 -2.1062328 -2.0949137 -2.0725186 -2.0716558 -2.0716558
-2.1831557 -2.1831557 -2.5161610 -3.2463687 -3.3105615 -3.3105651 -3.3105651 -3.3105651 -3.3105651 -3.3105651 -3.3105651 -3.3105651 -3.3105651 -3.3105651 -3.3105651 -3.3105651 -3.3105651 -3.3071424 -3.0992476 -2.9895842 -2.9895842 -2.9895842 -2.9895842 -2.9895842 -2.8680021 -2.7662789 -2.7662789 -2.7662789 -2.7662789 -2.7662789 -2.7662789 -2.7617502 -2.7242744 -2.7045291 -2.6980104 -2.6980104 -2.6652997 -2.5984018 -2.4803801 -2.4079097 -2.4079097 -2.4079097 -2.3379607 -2.1145787 -2.0845469 -2.1062328 -2.1062328 -2.1062328 -2.1062328 -2.1062328 -2.1062328 -2.1062328 -2.1062328 -2.0949137 -2.0725186 -2.0716558 -2.0716558
-2.1831557 -2.1831557 -2.5161610 -3.2463687 -3.3105651 -3.3105651 -3.3105651 -3.3105651 -3.3105651 -3.3105651 -3.3105651 -3.3105651 -3.3105651 -3.3105651 -3.3105651 -3.3105651 -3.3105651 -3.3071424 -3.0992476 -2.9895842 -2.9895842 -2.9895842 -2.9339611 -2.7893293 -2.7662789 -2.7662789 -2.7662789 -2.7662789 -2.7662789 -2.7662789 -2.7413651 -2.7076033 -2.7008626 -2.6980104 -2.6980104 -2.6980104 -2.6652994 -2.5984014 -2.4803801 -2.4079097 -2.4079097 -2.4079097 -2.3379607 -2.1145787 -2.0845468 -2.1062328 -2.1062328 -2.1062328 -2.1062328 -2.1062328 -2.1062328 -2.1062328 -2.1062328 -2.0133195 -1.8294897 -1.8224081 -1.8224081
-2.1831557 -2.9133629 -3.3105651 -3.3105651 -3.3105651 -3.3105651 -3.3105651 -3.3105651 -3.3105651 -3.3105651 -3.3105651 -3.3105651 -3.3105651 -3.3105651 -3.3105651 -3.3105651 -3.3105651 -3.3071424 -3.0992476 -2.9895842 -2.9895842 -2.9612231 -2.8985492 -2.7844611 -2.7662789 -2.7662789 -2.7662789 -2.7662789 -2.7662789 -2.7662789 -2.7413649 -2.7076032 -2.7008625 -2.6980104 -2.6958077 -2.6289098 -2.5947228 -2.5947228 -2.4803801 -2.4079097 -2.4079097 -2.4079097 -2.3379607 -2.1145787 -2.0630175 -2.0693214 -2.0973114 -2.1062328 -2.1062328 -2.1062328 -2.1062328 -2.0971536 -1.9133238 -1.8224074 -1.8224074 -1.8224074 -1.8224074
-2.1831557 -2.9133629 -3.3105651 -3.3105651 -3.3105651 -3.3105651 -3.3105651 -3.3105651 -3.3105651 -3.3105651 -3.3105651 -3.3105651 -3.3105651 -3.3105651 -3.3105651 -3.3105651 -3.1769404 -2.9424273 -2.9424273 -2.9424263 -2.9424263 -2.9424261 -2.9424261 -2.9424261 -2.8465200 -2.7662789 -2.7662789 -2.7662789 -2.7662789 -2.7662789 -2.7413649 -2.7076032 -2.7008625 -2.6980104 -2.6958077 -2.6289098 -2.5947228 -2.5947228 -2.4803801 -2.4079097 -2.4079097 -2.4079097 -2.3379607 -2.1145787 -2.0630175 -2.0630175 -2.0630175 -2.0820862 -2.1062328 -2.1062328 -1.9971589 -1.8224083 -1.8224083 -1.8224074 -1.8224074 -1.8224074 -1.8224074
