BMEestMidCedarDay519VarArcASCII.asc
ncols	153
nrows	79
xllcorner	-93.0837621
yllcorner	41.8867038
cellsize	0.0094877
NODATA_value	-9999.0000000
[rows 52 to 77 of 79, columns 0 to 59 of 153]
4.2297257 4.2297257 4.2297257 4.2297257 4.2297257 4.2297257 4.2297257 4.2297257 4.2297257 4.2297257 4.2297257 4.2297257 4.2297257 4.2297257 4.2297257 4.2297257 4.2297257 4.2295561 4.2192555 4.2138219 4.2138219 4.2138219 4.2138219 4.2138219 4.2138219 4.2115729 4.2039920 4.2021174 4.1975982 4.1759500 4.1686935 4.1645369 4.1301400 4.1155862 4.1124638 4.0176281 3.9691640 3.9691640 3.9691639 3.9691639 3.9691639 3.8147725 3.6910454 3.6910454 3.6910454 3.6910454 3.6910454 3.4540910 3.1540314 3.1540314 3.1540314 3.1202570 2.4364181 2.0982128 2.0982128 2.0982128 1.5308167 0.1718328 0.0000000 0.0000000
4.2297257 4.2297257 4.2297257 4.2297257 4.2297257 4.2297257 4.2297257 4.2297257 4.2297257 4.2297257 4.2297257 4.2297257 4.2297257 4.2297257 4.2297257 4.2297257 4.2239530 4.2138219 4.2138219 4.2138219 4.2138219 4.2138219 4.2138219 4.2138219 4.2138219 4.2115729 4.2039920 4.2021174 4.1975982 4.1759500 4.1686935 4.1645369 4.1301400 4.1155862 4.1124636 4.0176280 3.9691639 3.9691639 3.9691639 3.9691639 3.9691639 3.8147725 3.6910454 3.6910454 3.6910454 3.6910454 3.6910454 3.4540910 3.1540314 3.1540314 3.1540314 3.1202570 2.4364181 2.0982128 2.0982128 2.0982128 1.5308167 0.1718328 0.0000000 0.0000000
4.2297257 4.2297257 4.2297257 4.2297257 4.2297257 4.2297257 4.2297257 4.2297257 4.2297257 4.2297257 4.2297257 4.2297257 4.2297257 4.2297257 4.2297257 4.2297257 4.2239530 4.2138219 4.2138219 4.2138219 4.2138219 4.2138219 4.2138219 4.2138219 4.2138219 4.2115729 4.2039920 4.2021174 4.1975982 4.1759500 4.1686935 4.1645369 4.1301400 4.1155862 4.1124636 4.0176280 3.9691639 3.9691639 3.9691639 3.9691639 3.9691639 3.8147725 3.6910454 3.6910454 3.6910454 3.6910454 3.6910454 3.4540910 3.1540314 3.1540314 3.1540314 3.1202570 2.4364181 2.0982128 2.0982128 2.0982128 1.5308167 0.1718328 0.0000000 0.0000000
4.2297257 4.2297257 4.2297257 4.2297257 4.2297257 4.2297257 4.2297257 4.2297257 4.2297257 4.2297257 4.2297257 4.2297257 4.2297257 4.2297257 4.2297257 4.2297257 4.2239530 4.2138219 4.2138219 4.2138219 4.2138219 4.2138219 4.2138219 4.2138219 4.2138219 4.2115729 4.2039920 4.2021174 4.1975982 4.1759500 4.1686935 4.1645369 4.1301400 4.1155862 4.1124636 4.0176280 3.9691639 3.9691639 3.9691639 3.9691639 3.9691639 3.8147725 3.6910454 3.6910454 3.6910454 3.6910454 3.6910454 3.4540910 3.1540314 3.1540314 3.1540314 3.1202570 2.4364181 2.0982128 2.0982128 2.0982128 1.5308167 0.1718328 0.0000000 0.0000000
4.2297257 4.2297257 4.2297257 4.2297257 4.2297257 4.2297257 4.2297257 4.2297257 4.2297257 4.2297257 4.2297257 4.2297257 4.2297257 4.2297257 4.2286506 4.2183499 4.2138219 4.2138219 4.2138219 4.2138219 4.2138219 4.2138219 4.2138219 4.2138219 4.2138219 4.2115729 4.2039920 4.2021174 4.1975982 4.1759500 4.1458265 4.1155862 4.1155862 4.0608770 3.9691639 3.9691639 3.9691639 3.9691639 3.9691639 3.9691639 3.9691639 3.8147725 3.6910454 3.6910454 3.6910454 3.6910454 3.6910454 3.4540910 3.1540314 3.1540314 3.1540314 3.1202570 2.4364181 2.0982128 2.0982128 2.0982128 1.5308167 0.1718328 0.0000000 0.0000000
4.2297257 4.2297257 4.2297257 4.2297257 4.2297257 4.2297257 4.2297257 4.2297257 4.2297257 4.2297257 4.2297257 4.2297257 4.2297257 4.2297257 4.2286506 4.2183499 4.2138219 4.2138219 4.2138219 4.2138219 4.2138219 4.2138219 4.2138219 4.2138219 4.2138219 4.2115729 4.2039920 4.2021174 4.1975982 4.1759500 4.1458265 4.1155862 4.1155862 4.0608770 3.9691639 3.9691639 3.9691639 3.9691639 3.9691639 3.9691639 3.9691639 3.8147725 3.6910454 3.6910454 3.6910454 3.6910454 3.6910454 3.4540910 3.1540314 3.1540314 3.1540314 3.1540303 3.1540303 2.8083979 2.1245589 2.0982128 1.5308167 0.1718328 0.0000000 0.0000000
4.2297257 4.2297257 4.2297257 4.2297257 4.2297257 4.2297257 4.2297257 4.2297257 4.2297257 4.2297257 4.2297257 4.2297257 4.2297257 4.2297257 4.2286506 4.2183499 4.2138219 4.2138219 4.2138219 4.2138219 4.2138219 4.2138219 4.2138219 4.2138219 4.2138219 4.2115729 4.2039920 4.2021174 4.1975982 4.1759500 4.1458265 4.1155862 4.1155862 4.0608770 3.9691639 3.9691639 3.9691639 3.9691639 3.9691639 3.9691639 3.9691639 3.8147725 3.6910454 3.6910454 3.6910454 3.6127104 3.2648940 3.1540320 3.1540314 3.1540314 3.1540314 3.1540314 3.1540314 2.8083979 2.1245589 2.0982128 1.5308167 0.1718328 0.0000000 0.0000000
4.2297257 4.2297257 4.2297257 4.2297257 4.2297257 4.2297257 4.2297257 4.2297257 4.2297257 4.2297257 4.2297257 4.2297257 4.2297257 4.2297257 4.2286506 4.2183499 4.2138219 4.2138219 4.2138219 4.2138219 4.2138219 4.2138219 4.2138219 4.2138219 4.2138219 4.2115729 4.2039920 4.2021174 4.1975982 4.1759500 4.1458265 4.1155862 4.1155862 4.0608770 3.9691639 3.9691639 3.9691639 3.9691639 3.9691639 3.8969209 3.7167875 3.6910454 3.6910454 3.6910454 3.6910454 3.6127098 3.2648934 3.1540314 3.1540314 3.1540314 3.1540314 3.1540314 3.1540314 2.8083979 2.1245589 2.0982128 1.5308167 0.1718328 0.0000000 0.0000000
4.2297257 4.2297257 4.2297257 4.2297257 4.2297257 4.2297257 4.2297257 4.2297257 4.2297257 4.2297257 4.2297257 4.2297257 4.2297257 4.2230474 4.2138219 4.2138219 4.2138219 4.2138219 4.2138219 4.2138219 4.2138219 4.2138219 4.2138219 4.2138219 4.2138219 4.2115729 4.2039920 4.2021174 4.1975982 4.1759500 4.1458265 4.1041260 4.0092904 3.9691640 3.9691639 3.9691639 3.9691639 3.9691639 3.9691639 3.8969209 3.7167875 3.6910454 3.6910454 3.6910454 3.6910454 3.6127098 3.2648934 3.1540314 3.1540314 3.1540314 3.1540314 3.1540314 3.1540314 2.8083979 2.1245589 2.0982128 1.5308167 0.1718328 0.0000000 0.0000000
4.2297257 4.2297257 4.2297257 4.2297257 4.2297257 4.2297257 4.2297257 4.2297257 4.2297257 4.2297257 4.2297257 4.2297257 4.2297257 4.2230474 4.2138219 4.2138219 4.2138219 4.2138219 4.2138219 4.2138219 4.2138219 4.2138219 4.2138219 4.2138219 4.2138219 4.2115729 4.2039920 4.2021174 4.1975982 4.1759500 4.1458265 4.1041260 4.0092904 3.9691639 3.9691639 3.9691639 3.9691639 3.9691639 3.9691639 3.8969209 3.7167875 3.6910454 3.6910454 3.6910454 3.6910454 3.6127098 3.2648934 3.1540314 3.1540314 3.1540314 3.1540314 3.1540314 3.1540314 2.8083979 2.1245589 2.0982128 1.5308167 0.1718328 0.0000000 0.0000000
4.2297257 4.2297257 4.2297257 4.2297257 4.2297257 4.2297257 4.2297257 4.2297257 4.2297257 4.2297257 4.2297257 4.2297257 4.2297257 4.2230474 4.2138219 4.2138219 4.2138219 4.2138219 4.2138219 4.2138219 4.2138219 4.2138219 4.2138219 4.2138219 4.2138219 4.2115729 4.2039920 4.2021174 4.1904176 4.1343725 4.1155862 4.1041260 4.0092904 3.9691639 3.9691639 3.9691639 3.9691639 3.9691639 3.9691639 3.8969209 3.7167875 3.6910454 3.6910454 3.6910454 3.6910454 3.6127098 3.2648934 3.1540314 3.1540314 3.1540314 3.1540314 3.1540314 3.1540314 2.8083979 2.1245589 2.0982128 1.5308167 0.1718328 0.0000000 0.0000000
4.2297257 4.2297257 4.2297257 4.2297257 4.2297257 4.2297257 4.2297257 4.2297257 4.2297257 4.2297257 4.2297257 4.2277450 4.2174443 4.2138219 4.2138219 4.2138219 4.2138219 4.2138219 4.2138219 4.2138219 4.2138219 4.2138219 4.2138219 4.2138219 4.2138219 4.2115729 4.2039920 4.2021174 4.1904176 4.1343725 4.1155862 4.1041260 4.0092904 3.9691639 3.9691639 3.9691639 3.9691639 3.9691639 3.9691639 3.8969209 3.7167875 3.6910454 3.6910454 3.6910454 3.6910454 3.6127098 3.2648934 3.1540314 3.1540314 3.1540314 3.1540314 3.1540314 3.1540314 2.8083979 2.1245589 2.0982128 1.5308167 0.1718328 0.0000000 0.0000000
4.2297257 4.2297257 4.2297257 4.2297257 4.2297257 4.2297257 4.2297257 4.2297257 4.2297257 4.2297257 4.2297257 4.2277450 4.2174443 4.2138219 4.2138219 4.2138219 4.2138219 4.2138219 4.2138219 4.2138219 4.2138219 4.2138219 4.2138219 4.2138219 4.2138219 4.2115729 4.2039920 4.2021174 4.1904176 4.1343725 4.0525396 3.9691640 3.9691640 3.9691639 3.9691639 3.9691639 3.9691639 3.9691639 3.9691639 3.8969209 3.7167875 3.6910454 3.6910454 3.6910454 3.6910454 3.6127098 3.2648934 3.1540314 3.1540314 3.1540314 3.1540314 3.1540314 3.1540314 2.8083979 2.1245589 2.0982128 1.5308167 0.1718328 0.0000000 0.0000000
4.2297257 4.2297257 4.2297257 4.2297257 4.2297257 4.2297257 4.2297257 4.2297257 4.2297257 4.2297257 4.2297257 4.2277450 4.2174443 4.2138219 4.2138219 4.2138219 4.2138219 4.2138219 4.2138219 4.2138219 4.2138219 4.2138219 4.2138219 4.2138219 4.2138219 4.2115729 4.2039920 4.2021174 4.1904176 4.1343725 4.0525394 3.9691639 3.9691639 3.9691639 3.9691639 3.9691639 3.9691639 3.9691639 3.9691639 3.8969209 3.7167875 3.6910454 3.6910454 3.6910454 3.6910454 3.6127098 3.2648934 3.1540314 3.1540314 3.1540314 3.1540314 3.1540314 3.1540314 2.8083979 2.1245589 2.0982128 1.5308167 0.1718328 0.0000000 0.0000000
4.2297257 4.2297257 4.2297257 4.2297257 4.2297257 4.2297257 4.2297257 4.2297257 4.2297257 4.2297257 4.2221418 4.2138219 4.2138219 4.2138219 4.2138219 4.2138219 4.2138219 4.2138219 4.2138219 4.2138219 4.2138219 4.2138219 4.2138219 4.2138219 4.2138219 4.2115729 4.2039920 4.2021174 4.1904176 4.1343725 4.0525394 3.9691639 3.9691639 3.9691639 3.9691639 3.9691639 3.9691639 3.9691639 3.9691639 3.8969209 3.7167875 3.6910454 3.6910454 3.6910454 3.6910454 3.6127098 3.2648934 3.1540314 3.1540314 3.1540314 3.1540314 3.1540314 3.1540314 2.8083979 2.1245589 2.0982128 1.5308167 0.1718328 0.0000000 0.0000000
4.2297257 4.2297257 4.2297257 4.2297257 4.2297257 4.2297257 4.2297257 4.2297257 4.2297257 4.2297257 4.2221418 4.2138219 4.2138219 4.2138219 4.2138219 4.2138219 4.2138219 4.2138219 4.2138219 4.2138219 4.2138219 4.2138219 4.2138219 4.2138219 4.2138219 4.2115729 4.2039920 4.2021174 4.1904176 4.1343725 4.0525394 3.9691639 3.9691639 3.9691639 3.9691639 3.9691639 3.9691639 3.9691639 3.9691639 3.8969209 3.7167875 3.6910454 3.6910454 3.6910454 3.6910454 3.6127098 3.2648934 3.1540314 3.1540314 3.1540314 3.1540314 3.1540314 3.1540314 3.1540314 3.1540314 2.4965387 1.5308167 0.1718328 0.0000000 0.0000000
4.2297257 4.2297257 4.2297257 4.2297257 4.2297257 4.2297257 4.2297257 4.2297257 4.2297257 4.2297257 4.2221418 4.2138219 4.2138219 4.2138219 4.2138219 4.2138219 4.2138219 4.2138219 4.2138219 4.2138219 4.2138219 4.2138219 4.2138219 4.2138219 4.2138219 4.2115729 4.2039920 4.1599314 4.0957885 4.0009529 3.9691639 3.9691639 3.9691639 3.9691639 3.9691639 3.9691639 3.9691639 3.9691639 3.7989359 3.6910454 3.6910454 3.6910454 3.6910454 3.6910454 3.6910454 3.6127098 3.2648934 3.1540314 3.1540314 3.1540314 3.1540314 3.1540314 3.1540314 3.1540314 3.1540314 2.4965387 1.5308167 0.1718328 0.0000000 0.0000000
4.2297257 4.2297257 4.2297257 4.2297257 4.2297257 4.2297257 4.2297257 4.2297257 4.2268394 4.2165387 4.2138219 4.2138219 4.2138219 4.2138219 4.2138219 4.2138219 4.2138219 4.2138219 4.2138219 4.2138219 4.2138219 4.2138219 4.2138219 4.2138219 4.2138219 4.2115729 4.2039920 4.1599314 4.0957885 4.0009529 3.9691639 3.9691639 3.9691639 3.9691639 3.9691639 3.9691639 3.9691639 3.9691639 3.7989359 3.6910454 3.6910454 3.6910454 3.6910454 3.6910454 3.6910454 3.6127098 3.2648934 3.1540314 3.1540314 3.1540314 3.1540314 3.1540314 3.1540314 3.1540314 3.1540314 2.4965387 1.5308167 0.1718328 0.0000000 0.0000000
4.2297257 4.2297257 4.2297257 4.2297257 4.2297257 4.2297257 4.2297257 4.2297257 4.2268394 4.2165387 4.2138219 4.2138219 4.2138219 4.2138219 4.2138219 4.2138219 4.2138219 4.2138219 4.2138219 4.2138219 4.2138219 4.2138219 4.2138219 4.2138219 4.2138219 4.2115729 4.2039920 4.1599314 4.0957885 4.0009529 3.9691639 3.9691639 3.9691639 3.9691639 3.9691639 3.9691639 3.9691639 3.9691639 3.7989359 3.6910454 3.6910454 3.6910454 3.6910454 3.6910454 3.6910454 3.6127098 3.2648934 3.1540314 3.1540314 3.1540314 3.1540314 3.1540314 3.1540314 3.1540314 3.1540314 2.4965387 1.5308167 0.1718328 0.0000000 0.0000000
4.2297257 4.2297257 4.2297257 4.2297257 4.2297257 4.2297257 4.2297257 4.2297257 4.2268394 4.2165387 4.2138219 4.2138219 4.2138219 4.2138219 4.2138219 4.2138219 4.2138219 4.2138219 4.2138219 4.2138219 4.2138219 4.2138219 4.2138219 4.2138219 4.2138219 4.2115729 4.2039920 4.1599314 4.0957885 4.0009529 3.9691639 3.9691639 3.9691639 3.9691639 3.9691639 3.9691639 3.9691639 3.9691639 3.7989359 3.6910454 3.6910454 3.6910454 3.6910454 3.6910454 3.6910454 3.6127098 3.2648934 3.1540314 3.1540314 3.1540314 3.1540314 3.1540314 3.1540314 3.1540314 3.1540314 2.4965387 1.5308167 0.1718328 0.0000000 0.0000000
4.2297257 4.2297257 4.2297257 4.2297257 4.2297257 4.2297257 4.2297257 4.2212362 4.2138219 4.2138219 4.2138219 4.2138219 4.2138219 4.2138219 4.2138219 4.2138219 4.2138219 4.2138219 4.2138219 4.2138219 4.2138219 4.2138219 4.2138219 4.2138219 4.2138219 4.2115729 4.2039920 4.0885471 3.9691639 3.9691639 3.9691639 3.9691639 3.9691639 3.9691639 3.9691639 3.9691639 3.9691639 3.9691639 3.7989359 3.6910454 3.6910454 3.6910454 3.6910454 3.6910454 3.6910454 3.6127098 3.2648934 3.1540314 3.1540314 3.1540314 3.1540314 3.1540314 3.1540314 3.1540314 3.1540314 2.4965387 1.5308167 0.1718328 0.0000000 0.0000000
4.2297257 4.2297257 4.2297257 4.2297257 4.2297257 4.2297257 4.2297257 4.2212362 4.2138219 4.2138219 4.2138219 4.2138219 4.2138219 4.2138219 4.2138219 4.2138219 4.2138219 4.2138219 4.2138219 4.2138219 4.2138219 4.2138219 4.2138219 4.2138219 4.2138219 4.2115729 4.2039920 4.0885471 3.9691639 3.9691639 3.9691639 3.9691639 3.9691639 3.9691639 3.9691639 3.9691639 3.9691639 3.9691639 3.7989359 3.6910454 3.6910454 3.6910454 3.6910454 3.6910454 3.6910454 3.6127098 3.2648934 3.1540314 3.1540314 3.1540314 3.1540314 3.1540314 3.1540314 3.1540314 3.1540314 2.4965387 1.5308167 0.1718328 0.0000000 0.0000000
4.2297257 4.2297257 4.2297257 4.2297257 4.2297257 4.2297257 4.2297257 4.2212362 4.2138219 4.2138219 4.2138219 4.2138219 4.2138219 4.2138219 4.2138219 4.2138219 4.2138219 4.2138219 4.2138219 4.2138219 4.2138219 4.2138219 4.2138219 4.2138219 4.2138219 4.2115729 4.2039920 4.0885471 3.9691639 3.9691639 3.9691639 3.9691639 3.9691639 3.9691639 3.9691639 3.9691639 3.9691639 3.9691639 3.7989359 3.6910454 3.6910454 3.6910454 3.6910454 3.6910454 3.6910454 3.6127098 3.2648934 3.1540314 3.1540314 3.1540314 3.1540314 3.1540314 3.1540314 3.1540314 3.1540314 2.4965387 1.5308167 0.1718328 0.0000000 0.0000000
4.2297257 4.2297257 4.2297257 4.2297257 4.2297257 4.2259338 4.2156331 4.2138219 4.2138219 4.2138219 4.2138219 4.2138219 4.2138219 4.2138219 4.2138219 4.2138219 4.2138219 4.2138219 4.2138219 4.2138219 4.2138219 4.2138219 4.2138219 4.2138219 4.2138219 4.2115729 4.2039920 4.0885471 3.9691639 3.9691639 3.9691639 3.9691639 3.9691639 3.9691639 3.9691639 3.9691639 3.9691639 3.9691639 3.7989359 3.6910454 3.6910454 3.6910454 3.6910454 3.6910454 3.6910454 3.6127098 3.2648934 3.1540314 3.1540314 3.1540314 3.1540314 3.1540314 3.1540314 3.1540314 3.1540314 2.4965387 1.5308167 0.1718328 0.0000000 0.0000000
4.2297257 4.2297257 4.2297257 4.2297257 4.2297257 4.2259338 4.2156331 4.2138219 4.2138219 4.2138219 4.2138219 4.2138219 4.2138219 4.2138219 4.2138219 4.2138219 4.2138219 4.2138219 4.2138219 4.2138219 4.2138219 4.2138219 4.2138219 4.2138219 4.2138219 4.1668105 4.0083489 3.9691639 3.9691639 3.9691639 3.9691639 3.9691639 3.9691639 3.9691639 3.9691639 3.9691639 3.9691639 3.9691639 3.7989359 3.6910454 3.6910454 3.6910454 3.6910454 3.6910454 3.6910454 3.6127098 3.2648934 3.1540314 3.1540314 3.1540314 3.1540314 3.1540314 3.1540314 3.1540314 3.1540314 2.4965387 1.5308167 0.1718328 0.0000000 0.0000000
4.2297257 4.2297257 4.2297257 4.2297257 4.2297257 4.2259338 4.2156331 4.2138219 4.2138219 4.2138219 4.2138219 4.2138219 4.2138219 4.2138219 4.2138219 4.2138219 4.2138219 4.2138219 4.2138219 4.2138219 4.2138219 4.2138219 4.2138219 4.2138219 4.2138219 4.1668105 4.0083489 3.9691639 3.9691639 3.9691639 3.9691639 3.9691639 3.9691639 3.9691639 3.9691639 3.9691639 3.8810844 3.7009508 3.6910454 3.6910454 3.6910454 3.6910454 3.6910454 3.6910454 3.6910454 3.6127098 3.2648934 3.1540314 3.1540314 3.1540314 3.1540314 3.1540314 3.1540314 3.1540314 3.1540314 3.1540314 2.3011222 0.2582989 0.0000000 0.0000000
