Falmagne hard data set - Granulometric composition of 118 locations in Dinant area, Belgium.
6
Easting (meters)
Northing (meters)
Sand content (%)
Silt content (%)
Clay content (%)
soil type (code 1 to 4)
   1.7949500e+05   1.0060000e+05   2.3900000e+01   6.2200000e+01   1.3900000e+01   3.0000000e+00
   1.9073500e+05   9.8755000e+04   2.3100000e+01   5.6400000e+01   2.0500000e+01   2.0000000e+00
   1.8172000e+05   9.4860000e+04   9.0000000e+00   7.7500000e+01   1.3500000e+01   4.0000000e+00
   1.9334000e+05   9.0005000e+04   1.7800000e+01   4.9800000e+01   3.2400000e+01   2.0000000e+00
   1.7953500e+05   1.0072000e+05   1.9600000e+01   6.9300000e+01   1.1100000e+01   3.0000000e+00
   1.9170000e+05   9.9660000e+04   1.6900000e+01   6.0400000e+01   2.2700000e+01   2.0000000e+00
   1.8189500e+05   9.4775000e+04   8.5000000e+00   7.7400000e+01   1.4100000e+01   4.0000000e+00
   1.9063500e+05   9.2070000e+04   7.5000000e+00   5.2500000e+01   4.0000000e+01   1.0000000e+00
   1.7940500e+05   1.0073000e+05   1.2700000e+01   7.3500000e+01   1.3800000e+01   4.0000000e+00
   1.8676000e+05   1.0685500e+05   5.3000000e+00   7.4700000e+01   2.0000000e+01   4.0000000e+00
   1.8088000e+05   9.4155000e+04   3.7500000e+01   4.5000000e+01   1.7500000e+01   3.0000000e+00
   1.8810500e+05   9.4005000e+04   3.0600000e+01   4.5600000e+01   2.3800000e+01   2.0000000e+00
   1.8008500e+05   1.0041000e+05   2.0400000e+01   6.7200000e+01   1.2400000e+01   3.0000000e+00
   1.8705500e+05   1.0699000e+05   7.9000000e+00   6.7100000e+01   2.5000000e+01   4.0000000e+00
   1.8074500e+05   9.4185000e+04   1.1000000e+01   7.5600000e+01   1.3400000e+01   4.0000000e+00
   1.8875500e+05   9.4820000e+04   1.4200000e+01   6.3200000e+01   2.2600000e+01   4.0000000e+00
   1.7984500e+05   1.0029000e+05   1.3400000e+01   7.6700000e+01   9.9000000e+00   4.0000000e+00
   1.7873000e+05   9.4865000e+04   1.8800000e+01   6.2300000e+01   1.8900000e+01   3.0000000e+00
   1.9047000e+05   9.5290000e+04   2.2700000e+01   5.7400000e+01   1.9900000e+01   2.0000000e+00
   1.7981500e+05   1.0019000e+05   6.1000000e+00   7.8000000e+01   1.5900000e+01   4.0000000e+00
   1.8687500e+05   1.0675000e+05   1.1200000e+01   6.4200000e+01   2.4600000e+01   2.0000000e+00
   1.7862500e+05   9.4820000e+04   1.5200000e+01   5.9700000e+01   2.5100000e+01   2.0000000e+00
   1.9087000e+05   9.5395000e+04   9.1000000e+00   6.4900000e+01   2.6000000e+01   2.0000000e+00
   1.8027500e+05   1.0366000e+05   6.9000000e+00   7.1800000e+01   2.1300000e+01   4.0000000e+00
   1.8671500e+05   1.0428500e+05   6.4000000e+00   7.7400000e+01   1.6200000e+01   4.0000000e+00
   1.7887000e+05   9.5060000e+04   7.7000000e+00   7.6400000e+01   1.5900000e+01   4.0000000e+00
   1.9054000e+05   9.4945000e+04   1.7400000e+01   5.5400000e+01   2.7200000e+01   2.0000000e+00
   1.8026500e+05   1.0353000e+05   4.2000000e+00   8.3200000e+01   1.2600000e+01   4.0000000e+00
   1.9067000e+05   1.0236000e+05   2.0200000e+01   5.1300000e+01   2.8500000e+01   2.0000000e+00
   1.7923000e+05   9.5075000e+04   1.2700000e+01   7.7300000e+01   1.0000000e+01   4.0000000e+00
   1.9289500e+05   9.6835000e+04   3.4400000e+01   4.5700000e+01   1.9900000e+01   2.0000000e+00
   1.8039500e+05   1.0340500e+05   4.7000000e+00   8.1400000e+01   1.3900000e+01   4.0000000e+00
   1.9277000e+05   1.0367500e+05   1.1900000e+01   7.6000000e+01   1.2100000e+01   4.0000000e+00
   1.7925000e+05   9.5215000e+04   1.1200000e+01   6.5000000e+01   2.3800000e+01   4.0000000e+00
   1.9112000e+05   9.0145000e+04   1.4600000e+01   4.8000000e+01   3.7400000e+01   1.0000000e+00
   1.8047500e+05   1.0356000e+05   9.7000000e+00   7.5900000e+01   1.4400000e+01   4.0000000e+00
   1.9293500e+05   1.0339000e+05   5.8000000e+00   7.3200000e+01   2.1000000e+01   4.0000000e+00
   1.7941000e+05   9.4980000e+04   2.4000000e+00   7.1200000e+01   2.6400000e+01   4.0000000e+00
   1.8818500e+05   9.0065000e+04   5.1000000e+00   6.2600000e+01   3.2300000e+01   2.0000000e+00
   1.8517500e+05   1.0593000e+05   4.8000000e+00   8.1400000e+01   1.3800000e+01   4.0000000e+00
   1.9262000e+05   1.0392500e+05   4.2000000e+00   7.8000000e+01   1.7800000e+01   4.0000000e+00
   1.8531500e+05   1.0596000e+05   4.6000000e+00   7.7400000e+01   1.8000000e+01   4.0000000e+00
   1.9252000e+05   1.0392500e+05   6.2000000e+00   7.3600000e+01   2.0200000e+01   4.0000000e+00
   1.8231500e+05   9.5220000e+04   2.6300000e+01   5.3800000e+01   1.9900000e+01   2.0000000e+00
   1.8559500e+05   1.0573000e+05   4.9000000e+00   8.5700000e+01   9.4000000e+00   4.0000000e+00
   1.9238000e+05   1.0397000e+05   1.5600000e+01   6.1600000e+01   2.2800000e+01   2.0000000e+00
   1.8579500e+05   9.6830000e+04   7.7000000e+00   7.9200000e+01   1.3100000e+01   4.0000000e+00
   1.8565500e+05   1.0570000e+05   7.2000000e+00   8.2900000e+01   9.9000000e+00   4.0000000e+00
   1.9271000e+05   1.0422500e+05   8.3000000e+00   7.0200000e+01   2.1500000e+01   4.0000000e+00
   1.8570500e+05   9.6705000e+04   1.3800000e+01   7.6400000e+01   9.8000000e+00   4.0000000e+00
   1.8491500e+05   1.0692000e+05   4.6000000e+00   8.8000000e+01   7.4000000e+00   4.0000000e+00
   1.8566500e+05   9.6740000e+04   9.7000000e+00   7.7900000e+01   1.2400000e+01   4.0000000e+00
   1.8484200e+05   1.0685000e+05   3.4000000e+00   8.1900000e+01   1.4700000e+01   4.0000000e+00
   1.9241500e+05   1.0613000e+05   3.2600000e+01   4.2200000e+01   2.5200000e+01   2.0000000e+00
   1.8555000e+05   9.6540000e+04   2.1700000e+01   6.3900000e+01   1.4400000e+01   3.0000000e+00
   1.9340500e+05   1.0639000e+05   1.2900000e+01   7.2900000e+01   1.4200000e+01   4.0000000e+00
   1.8461500e+05   1.0688000e+05   8.8000000e+00   7.6900000e+01   1.4300000e+01   4.0000000e+00
   1.9363000e+05   1.0746000e+05   3.4200000e+01   4.7100000e+01   1.8700000e+01   2.0000000e+00
   1.8555500e+05   9.6745000e+04   6.7000000e+00   8.2400000e+01   1.0900000e+01   4.0000000e+00
   1.8462500e+05   1.0703000e+05   7.6000000e+00   7.3500000e+01   1.8800000e+01   4.0000000e+00
   1.9101000e+05   1.0203000e+05   4.3000000e+00   7.6200000e+01   1.9500000e+01   4.0000000e+00
   1.9260000e+05   1.0213500e+05   2.6500000e+01   5.4200000e+01   1.9300000e+01   2.0000000e+00
   1.8366500e+05   1.0659000e+05   1.5600000e+01   6.7100000e+01   1.7300000e+01   3.0000000e+00
   1.9142000e+05   1.0213500e+05   3.1100000e+01   4.8500000e+01   2.0400000e+01   2.0000000e+00
   1.8349500e+05   1.0653000e+05   1.0800000e+01   7.6200000e+01   1.3000000e+01   4.0000000e+00
   1.9221500e+05   1.0061000e+05   2.4200000e+01   5.5500000e+01   2.0300000e+01   2.0000000e+00
   1.8344500e+05   1.0657000e+05   6.6000000e+00   8.0200000e+01   1.3200000e+01   4.0000000e+00
   1.8853000e+05   1.0778000e+05   3.8000000e+00   7.5300000e+01   2.0900000e+01   4.0000000e+00
   1.8321500e+05   9.6370000e+04   1.6600000e+01   6.6100000e+01   1.7300000e+01   3.0000000e+00
   1.8889000e+05   1.0788000e+05   2.0500000e+01   6.5800000e+01   1.3700000e+01   3.0000000e+00
   1.8295500e+05   9.6440000e+04   1.3000000e+01   7.2900000e+01   1.4100000e+01   4.0000000e+00
   1.8921500e+05   1.0799000e+05   5.5000000e+00   6.3500000e+01   3.1000000e+01   2.0000000e+00
   1.8481000e+05   9.4190000e+04   1.0300000e+01   7.7700000e+01   1.2000000e+01   4.0000000e+00
   1.8904000e+05   1.0755000e+05   4.3000000e+00   7.6400000e+01   1.9300000e+01   4.0000000e+00
   1.8483000e+05   9.4460000e+04   1.1500000e+01   6.4300000e+01   2.4200000e+01   4.0000000e+00
   1.8861000e+05   9.9380000e+04   2.0000000e+01   6.9000000e+01   1.1000000e+01   3.0000000e+00
   1.8846500e+05   9.8565000e+04   2.2100000e+01   6.0700000e+01   1.7200000e+01   3.0000000e+00
   1.8263500e+05   9.4785000e+04   3.2800000e+01   6.0400000e+01   6.8000000e+00   3.0000000e+00
   1.8009000e+05   1.0533500e+05   3.5400000e+01   4.8700000e+01   1.5900000e+01   3.0000000e+00
   1.8824000e+05   9.8335000e+04   2.3100000e+01   5.7100000e+01   1.9800000e+01   2.0000000e+00
   1.8277500e+05   9.4895000e+04   4.3400000e+01   4.0700000e+01   1.5900000e+01   3.0000000e+00
   1.8015000e+05   1.0539000e+05   2.5000000e+01   6.0600000e+01   1.4400000e+01   3.0000000e+00
   1.8858500e+05   9.8696000e+04   1.0900000e+01   7.3900000e+01   1.5200000e+01   4.0000000e+00
   1.7852000e+05   9.7855000e+04   3.0500000e+01   5.4800000e+01   1.4700000e+01   3.0000000e+00
   1.8029500e+05   1.0550000e+05   1.1200000e+01   7.1700000e+01   1.7100000e+01   4.0000000e+00
   1.7863000e+05   9.7995000e+04   3.6500000e+01   4.9500000e+01   1.4000000e+01   3.0000000e+00
   1.8027500e+05   1.0561000e+05   2.0700000e+01   6.1100000e+01   1.8200000e+01   3.0000000e+00
   1.8864000e+05   9.8725000e+04   1.9600000e+01   6.3100000e+01   1.7300000e+01   3.0000000e+00
   1.7835500e+05   9.7970000e+04   2.9300000e+01   5.6600000e+01   1.4100000e+01   3.0000000e+00
   1.8081500e+05   1.0549000e+05   1.1200000e+01   7.5200000e+01   1.3600000e+01   4.0000000e+00
   1.7839000e+05   9.8080000e+04   1.8000000e+01   6.2600000e+01   1.9400000e+01   3.0000000e+00
   1.8356200e+05   1.0424000e+05   4.0000000e+00   7.9900000e+01   1.6100000e+01   4.0000000e+00
   1.7828500e+05   9.7665000e+04   2.1200000e+01   6.0100000e+01   1.8700000e+01   3.0000000e+00
   1.8354500e+05   1.0464000e+05   7.6000000e+00   8.0000000e+01   1.2400000e+01   4.0000000e+00
   1.7849000e+05   9.7575000e+04   3.3600000e+01   3.9600000e+01   2.6800000e+01   2.0000000e+00
   1.8340500e+05   1.0461000e+05   6.4000000e+00   8.0800000e+01   1.2800000e+01   4.0000000e+00
   1.7853500e+05   9.3280000e+04   9.5000000e+00   5.2400000e+01   3.8100000e+01   1.0000000e+00
   1.7877500e+05   1.0492500e+05   2.4300000e+01   5.9600000e+01   1.6100000e+01   3.0000000e+00
   1.7846000e+05   9.3045000e+04   7.1000000e+00   5.3800000e+01   3.9100000e+01   1.0000000e+00
   1.7878500e+05   1.0478000e+05   3.5000000e+01   5.5000000e+01   1.0000000e+01   3.0000000e+00
   1.7839500e+05   9.2585000e+04   7.1000000e+00   5.0600000e+01   4.2300000e+01   1.0000000e+00
   1.7862500e+05   1.0457000e+05   2.1600000e+01   6.6900000e+01   1.1500000e+01   3.0000000e+00
   1.7806500e+05   9.3150000e+04   8.6000000e+00   5.5200000e+01   3.6200000e+01   2.0000000e+00
   1.7865500e+05   1.0466000e+05   2.4400000e+01   6.5800000e+01   9.8000000e+00   3.0000000e+00
   1.7872500e+05   1.0177000e+05   1.8400000e+01   7.0100000e+01   1.1500000e+01   3.0000000e+00
   1.7810500e+05   9.3585000e+04   1.1500000e+01   5.0300000e+01   3.8200000e+01   1.0000000e+00
   1.7928500e+05   1.0202000e+05   8.8000000e+00   7.2900000e+01   1.8300000e+01   4.0000000e+00
   1.7922000e+05   1.0194000e+05   3.2300000e+01   5.0400000e+01   1.7300000e+01   3.0000000e+00
   1.8367500e+05   1.0041500e+05   2.2500000e+01   6.3900000e+01   1.3600000e+01   3.0000000e+00
   1.7885500e+05   9.3420000e+04   1.2000000e+01   5.2000000e+01   3.6000000e+01   1.0000000e+00
   1.8360500e+05   1.0039000e+05   6.6000000e+00   7.2100000e+01   2.1300000e+01   4.0000000e+00
   1.7999500e+05   9.3180000e+04   5.7000000e+00   6.4400000e+01   2.8900000e+01   2.0000000e+00
   1.8395500e+05   1.0020000e+05   1.5300000e+01   7.1500000e+01   1.3200000e+01   3.0000000e+00
   1.7805500e+05   9.6230000e+04   5.3000000e+00   7.4900000e+01   1.9800000e+01   4.0000000e+00
   1.8427500e+05   9.8580000e+04   2.0800000e+01   6.3500000e+01   1.5700000e+01   3.0000000e+00
   1.8438500e+05   9.8320000e+04   1.5400000e+01   6.6900000e+01   1.7700000e+01   3.0000000e+00
   1.8508500e+05   1.0226000e+05   1.4900000e+01   7.0400000e+01   1.4700000e+01   4.0000000e+00
   1.8510500e+05   1.0222400e+05   1.3800000e+01   6.8700000e+01   1.7500000e+01   4.0000000e+00
